4.994870126247406006e-01
4.988644421100616455e-01
4.995310008525848389e-01
4.988918304443359375e-01
4.994206428527832031e-01
4.988700747489929199e-01
4.994462132453918457e-01
4.988526701927185059e-01
4.993861317634582520e-01
5.000271201133728027e-01
4.991737306118011475e-01
5.001933574676513672e-01
4.997019171714782715e-01
4.992402195930480957e-01
4.998070001602172852e-01
4.992943108081817627e-01
4.999365806579589844e-01
4.994607269763946533e-01
4.999454319477081299e-01
4.984650909900665283e-01
4.995939433574676514e-01
5.001208186149597168e-01
4.985710680484771729e-01
4.987545013427734375e-01
4.999224245548248291e-01
5.000978708267211914e-01
4.989517331123352051e-01
4.992737174034118652e-01
4.999235570430755615e-01
5.000517964363098145e-01
4.993987679481506348e-01
4.995062649250030518e-01
4.987473487854003906e-01
4.981652796268463135e-01
4.990353584289550781e-01
4.998826086521148682e-01
4.999205768108367920e-01
5.000404119491577148e-01
4.997228682041168213e-01
4.987539649009704590e-01
4.994573295116424561e-01
4.994071424007415771e-01
4.992316067218780518e-01
4.990148842334747314e-01
4.990558028221130371e-01
4.995839595794677734e-01
4.993757307529449463e-01
4.993952810764312744e-01
4.987445473670959473e-01
5.001151561737060547e-01
5.003100633621215820e-01
4.993815720081329346e-01
4.994828104972839355e-01
4.995301067829132080e-01
5.004832148551940918e-01
5.001912117004394531e-01
4.995312988758087158e-01
4.980666041374206543e-01
4.988510310649871826e-01
4.993084669113159180e-01
4.998025894165039062e-01
4.998565614223480225e-01
4.989694952964782715e-01
4.997885227203369141e-01
5.003514885902404785e-01
4.999733567237854004e-01
5.000298619270324707e-01
5.000873208045959473e-01
4.998933672904968262e-01
4.990301728248596191e-01
4.997460544109344482e-01
4.992940425872802734e-01
4.999691545963287354e-01
4.994998872280120850e-01
4.989567697048187256e-01
4.993673563003540039e-01
4.986925125122070312e-01
4.995129406452178955e-01
4.996297061443328857e-01
4.992212057113647461e-01
4.998278021812438965e-01
4.997436702251434326e-01
5.005834102630615234e-01
4.997517764568328857e-01
4.993875622749328613e-01
5.001572370529174805e-01
5.007088780403137207e-01
4.994726181030273438e-01
4.999540746212005615e-01
4.999797046184539795e-01
4.997190535068511963e-01
4.998512268066406250e-01
4.990038871765136719e-01
4.992543756961822510e-01
4.997999966144561768e-01
5.000891685485839844e-01
4.997247755527496338e-01
4.990834593772888184e-01
4.997720122337341309e-01
4.993147552013397217e-01
4.990541040897369385e-01
5.003976821899414062e-01
4.997235536575317383e-01
4.994404315948486328e-01
4.994665086269378662e-01
4.997370243072509766e-01
4.985381662845611572e-01
4.992089569568634033e-01
5.000304579734802246e-01
4.990550279617309570e-01
4.989605844020843506e-01
4.995351433753967285e-01
4.992879927158355713e-01
4.998658597469329834e-01
4.989112615585327148e-01
4.998462498188018799e-01
5.000841021537780762e-01
4.995958507061004639e-01
4.995744526386260986e-01
4.988717138767242432e-01
4.986364245414733887e-01
4.993114173412322998e-01
4.989937543869018555e-01
4.984580278396606445e-01
5.000895261764526367e-01
4.992517828941345215e-01
5.003477334976196289e-01
4.989618360996246338e-01
4.989469945430755615e-01
4.995104670524597168e-01
4.996021687984466553e-01
4.994502961635589600e-01
4.996591806411743164e-01
4.985327720642089844e-01
4.996038079261779785e-01
4.997590482234954834e-01
4.986615478992462158e-01
4.986965954303741455e-01
4.998412132263183594e-01
4.996623396873474121e-01
5.001936554908752441e-01
4.991110265254974365e-01
4.994570910930633545e-01
4.978121519088745117e-01
4.995965361595153809e-01
4.993619620800018311e-01
4.991452693939208984e-01
4.997493326663970947e-01
5.001364946365356445e-01
5.001329183578491211e-01
5.009084343910217285e-01
4.994739890098571777e-01
4.992082118988037109e-01
5.001860260963439941e-01
4.992173314094543457e-01
4.996886849403381348e-01
4.995882809162139893e-01
5.002477169036865234e-01
4.991887807846069336e-01
4.992665648460388184e-01
4.987248778343200684e-01
4.998236894607543945e-01
4.998798966407775879e-01
4.992918670177459717e-01
5.000664591789245605e-01
4.986936151981353760e-01
4.978066384792327881e-01
5.001147985458374023e-01
4.990500509738922119e-01
4.988567233085632324e-01
4.999338090419769287e-01
4.998762011528015137e-01
4.994668364524841309e-01
4.984434545040130615e-01
4.987971484661102295e-01
4.995999038219451904e-01
4.992729723453521729e-01
5.003660917282104492e-01
4.994202554225921631e-01
4.995239973068237305e-01
4.992085099220275879e-01
4.992107152938842773e-01
4.998455941677093506e-01
4.991306364536285400e-01
4.989421963691711426e-01
4.999077618122100830e-01
4.994872808456420898e-01
4.985913634300231934e-01
4.998805522918701172e-01
4.996981024742126465e-01
4.994690418243408203e-01
4.997505545616149902e-01
4.995382130146026611e-01
4.995700120925903320e-01
4.997699558734893799e-01
4.981462657451629639e-01
4.987909793853759766e-01
4.995937645435333252e-01
4.993788897991180420e-01
5.001240968704223633e-01
4.995747804641723633e-01
4.997057616710662842e-01
4.995587170124053955e-01
4.991839826107025146e-01
4.996557831764221191e-01
4.998060166835784912e-01
4.990900456905364990e-01
4.996487200260162354e-01
4.989259839057922363e-01
4.990981519222259521e-01
4.998049437999725342e-01
4.984692931175231934e-01
4.995762109756469727e-01
4.993703663349151611e-01
5.006949901580810547e-01
4.993521273136138916e-01
4.998746812343597412e-01
4.990195631980895996e-01
4.988433122634887695e-01
4.993851780891418457e-01
5.002169609069824219e-01
4.978121817111968994e-01
5.001001954078674316e-01
4.993237853050231934e-01
4.987016022205352783e-01
4.997918605804443359e-01
4.983510971069335938e-01
4.999541044235229492e-01
5.000998377799987793e-01
4.997892677783966064e-01
4.985689818859100342e-01
4.998303949832916260e-01
5.007807016372680664e-01
4.993146955966949463e-01
4.992162883281707764e-01
4.994390010833740234e-01
5.000430345535278320e-01
4.993671178817749023e-01
4.982630312442779541e-01
4.991414546966552734e-01
5.001685619354248047e-01
5.004944205284118652e-01
4.991153776645660400e-01
4.991333186626434326e-01
4.999082088470458984e-01
4.995297491550445557e-01
5.000841021537780762e-01
5.000774264335632324e-01
5.003456473350524902e-01
4.995701014995574951e-01
5.001793503761291504e-01
4.994045794010162354e-01
5.000592470169067383e-01
4.992762506008148193e-01
5.000792741775512695e-01
5.004253387451171875e-01
4.991885125637054443e-01
4.997296631336212158e-01
4.991966485977172852e-01
5.000687837600708008e-01
5.003135800361633301e-01
4.999735951423645020e-01
4.999936223030090332e-01
4.992463290691375732e-01
5.003426074981689453e-01
4.991325139999389648e-01
5.003568530082702637e-01
4.994452595710754395e-01
5.000026822090148926e-01
4.993039965629577637e-01
5.000966191291809082e-01
4.993407130241394043e-01
5.002389550209045410e-01
4.995782971382141113e-01
4.992230832576751709e-01
5.001475811004638672e-01
4.993756711483001709e-01
5.001149773597717285e-01
4.993266761302947998e-01
5.002778768539428711e-01
4.994631111621856689e-01
5.003191828727722168e-01
4.994544088840484619e-01
5.002033710479736328e-01
4.988792240619659424e-01
5.001647472381591797e-01
5.001592636108398438e-01
4.991810321807861328e-01
4.999514818191528320e-01
4.994415342807769775e-01
4.994604289531707764e-01
4.999763667583465576e-01
4.994646310806274414e-01
5.001436471939086914e-01
5.001991391181945801e-01
5.001086592674255371e-01
5.004709959030151367e-01
5.002145171165466309e-01
5.000827312469482422e-01
4.992027878761291504e-01
5.002425909042358398e-01
5.001553297042846680e-01
5.001834034919738770e-01
4.993294179439544678e-01
4.999682009220123291e-01
4.990682899951934814e-01
5.000804066658020020e-01
4.993488490581512451e-01
5.004079341888427734e-01
5.000376701354980469e-01
4.988254904747009277e-01
5.000219941139221191e-01
5.002688169479370117e-01
4.991416037082672119e-01
5.000405311584472656e-01
4.992326200008392334e-01
4.996177554130554199e-01
4.992254078388214111e-01
4.996326565742492676e-01
4.993120133876800537e-01
4.998298883438110352e-01
4.993086755275726318e-01
5.001502633094787598e-01
4.991166591644287109e-01
5.001987814903259277e-01
4.988743066787719727e-01
5.007171034812927246e-01
4.987176060676574707e-01
4.998376071453094482e-01
5.003666281700134277e-01
4.989658892154693604e-01
4.999026954174041748e-01
4.999618232250213623e-01
5.002477169036865234e-01
5.007340312004089355e-01
4.993692338466644287e-01
4.999275803565979004e-01
5.001715421676635742e-01
4.993778169155120850e-01
5.002894401550292969e-01
5.000228881835937500e-01
4.994671344757080078e-01
4.993278086185455322e-01
4.998423755168914795e-01
5.001732707023620605e-01
4.991942048072814941e-01
4.999353289604187012e-01
4.993351995944976807e-01
5.003253817558288574e-01
4.994081258773803711e-01
4.998356103897094727e-01
4.994840025901794434e-01
4.998413026332855225e-01
4.999945163726806641e-01
4.989322423934936523e-01
5.001312494277954102e-01
5.002372860908508301e-01
4.992752671241760254e-01
5.002374053001403809e-01
5.000841021537780762e-01
4.993111193180084229e-01
4.993915557861328125e-01
4.990033805370330811e-01
5.001466274261474609e-01
4.998733699321746826e-01
4.999644756317138672e-01
4.993432760238647461e-01
4.995695352554321289e-01
4.990468621253967285e-01
5.003345608711242676e-01
4.997927248477935791e-01
4.990758597850799561e-01
5.002032518386840820e-01
4.991599023342132568e-01
5.004093050956726074e-01
4.998136162757873535e-01
4.989752173423767090e-01
4.999603331089019775e-01
4.990113675594329834e-01
5.001575946807861328e-01
5.000476837158203125e-01
5.001447200775146484e-01
4.993617236614227295e-01
5.003068447113037109e-01
4.993456602096557617e-01
4.998620152473449707e-01
5.004388689994812012e-01
4.993644952774047852e-01
4.999907314777374268e-01
4.992924034595489502e-01
5.000421404838562012e-01
4.993537068367004395e-01
4.999833106994628906e-01
4.998163580894470215e-01
4.992895424365997314e-01
5.005096197128295898e-01
4.990788996219635010e-01
5.000329017639160156e-01
4.990136623382568359e-01
5.002859830856323242e-01
4.989169538021087646e-01
5.003710389137268066e-01
5.004363059997558594e-01
4.988242983818054199e-01
5.002164244651794434e-01
4.991845786571502686e-01
5.002230405807495117e-01
4.989854395389556885e-01
4.998892843723297119e-01
4.992822706699371338e-01
5.000045895576477051e-01
4.991841614246368408e-01
4.999705255031585693e-01
4.991380572319030762e-01
5.001792907714843750e-01
5.003513693809509277e-01
5.001392960548400879e-01
4.990551471710205078e-01
4.994600117206573486e-01
4.990672767162322998e-01
4.999412894248962402e-01
4.994776844978332520e-01
4.999673366546630859e-01
4.999597370624542236e-01
4.993344843387603760e-01
4.999380111694335938e-01
4.992498457431793213e-01
5.002861022949218750e-01
5.000985264778137207e-01
4.992308020591735840e-01
5.005082488059997559e-01
5.004404783248901367e-01
4.990755021572113037e-01
5.002639293670654297e-01
5.006453990936279297e-01
4.998105466365814209e-01
5.000227689743041992e-01
4.992268085479736328e-01
4.991382062435150146e-01
4.994590580463409424e-01
5.002055168151855469e-01
5.002583861351013184e-01
4.992659986019134521e-01
5.005230307579040527e-01
4.992294609546661377e-01
4.999107718467712402e-01
4.992067813873291016e-01
5.001189708709716797e-01
4.993619620800018311e-01
4.996154010295867920e-01
4.992325901985168457e-01
4.999483227729797363e-01
4.988387525081634521e-01
5.003303885459899902e-01
4.992176592350006104e-01
5.004873275756835938e-01
5.002066493034362793e-01
4.996321201324462891e-01
4.989547133445739746e-01
4.997322857379913330e-01
5.001572370529174805e-01
4.993153214454650879e-01
4.999662637710571289e-01
4.997212886810302734e-01
5.000954866409301758e-01
4.990107715129852295e-01
5.000120997428894043e-01
5.000320672988891602e-01
4.990128874778747559e-01
5.003427267074584961e-01
5.002343058586120605e-01
4.997140765190124512e-01
5.003818869590759277e-01
5.001428723335266113e-01
4.994890093803405762e-01
5.001891851425170898e-01
4.987433850765228271e-01
5.002397894859313965e-01
4.994210600852966309e-01
5.001969933509826660e-01
4.988865256309509277e-01
4.999735951423645020e-01
4.992286264896392822e-01
5.000172853469848633e-01
4.987177848815917969e-01
4.999404847621917725e-01
4.994461834430694580e-01
5.001630187034606934e-01
5.007000565528869629e-01
5.000959038734436035e-01
4.996087253093719482e-01
5.003825426101684570e-01
4.988426566123962402e-01
5.003094077110290527e-01
4.992044270038604736e-01
4.998707473278045654e-01
5.002780556678771973e-01
4.999670386314392090e-01
4.991844296455383301e-01
5.000458955764770508e-01
4.993822276592254639e-01
5.001161694526672363e-01
4.992749392986297607e-01
5.004691481590270996e-01
4.995809793472290039e-01
4.990925192832946777e-01
4.995310008525848389e-01
4.992044568061828613e-01
5.001305937767028809e-01
4.989966750144958496e-01
5.002148747444152832e-01
4.992203116416931152e-01
5.003415942192077637e-01
4.988359212875366211e-01
4.998621940612792969e-01
5.000238418579101562e-01
4.991472363471984863e-01
5.002226829528808594e-01
4.994485676288604736e-01
5.002709627151489258e-01
4.990320801734924316e-01
5.005189776420593262e-01
5.003302097320556641e-01
4.994685053825378418e-01
5.001454353332519531e-01
5.004513263702392578e-01
4.991245269775390625e-01
4.998493194580078125e-01
4.992764294147491455e-01
5.002806782722473145e-01
4.991134703159332275e-01
5.002686977386474609e-01
4.992326498031616211e-01
4.997457563877105713e-01
4.999354183673858643e-01
5.002189874649047852e-01
4.989653825759887695e-01
5.001657009124755859e-01
4.992820322513580322e-01
5.004289746284484863e-01
4.992027282714843750e-01
5.001376271247863770e-01
4.990719854831695557e-01
5.002672672271728516e-01
4.992215633392333984e-01
5.007234811782836914e-01
4.993576407432556152e-01
5.003168582916259766e-01
5.001236796379089355e-01
4.992983341217041016e-01
4.999904632568359375e-01
4.988879859447479248e-01
4.998025596141815186e-01
5.001411437988281250e-01
5.002101063728332520e-01
4.994474053382873535e-01
5.002793073654174805e-01
5.003798604011535645e-01
4.989386796951293945e-01
5.000447034835815430e-01
4.990501701831817627e-01
4.999698996543884277e-01
5.002139210700988770e-01
4.993570148944854736e-01
5.000620484352111816e-01
4.994823634624481201e-01
5.003016591072082520e-01
4.986989796161651611e-01
4.997741281986236572e-01
4.993366897106170654e-01
4.998902976512908936e-01
4.996644556522369385e-01
4.992619454860687256e-01
5.002029538154602051e-01
5.005815029144287109e-01
4.987700879573822021e-01
5.002235174179077148e-01
4.986124336719512939e-01
5.001053214073181152e-01
4.992480874061584473e-01
5.001193881034851074e-01
4.994505643844604492e-01
5.001125335693359375e-01
5.002180337905883789e-01
4.989512264728546143e-01
4.999307692050933838e-01
4.985204935073852539e-01
5.001081228256225586e-01
4.991074204444885254e-01
5.001878738403320312e-01
4.983420968055725098e-01
5.004168152809143066e-01
5.001962184906005859e-01
4.993196427822113037e-01
5.002309083938598633e-01
4.988299310207366943e-01
4.997891783714294434e-01
4.991863965988159180e-01
5.000416636466979980e-01
4.995360672473907471e-01
5.000891089439392090e-01
5.002892613410949707e-01
4.997875690460205078e-01
4.997448325157165527e-01
4.993183910846710205e-01
4.997086822986602783e-01
5.003722906112670898e-01
4.994330406188964844e-01
5.002081394195556641e-01
4.992175698280334473e-01
5.000762939453125000e-01
4.999073743820190430e-01
4.993566870689392090e-01
5.000941157341003418e-01
4.993179142475128174e-01
5.005054473876953125e-01
4.992189407348632812e-01
4.997735917568206787e-01
5.002708435058593750e-01
5.002285242080688477e-01
4.993349015712738037e-01
5.000547766685485840e-01
4.991424083709716797e-01
5.001223087310791016e-01
4.993166923522949219e-01
5.001705884933471680e-01
5.000532269477844238e-01
5.003220438957214355e-01
5.001405477523803711e-01
4.995028376579284668e-01
5.002543926239013672e-01
4.991127848625183105e-01
5.002970695495605469e-01
5.000419616699218750e-01
4.987143576145172119e-01
5.001768469810485840e-01
4.991801679134368896e-01
4.999569356441497803e-01
4.997025430202484131e-01
4.994575083255767822e-01
5.003493428230285645e-01
4.992206394672393799e-01
5.003604292869567871e-01
4.999295771121978760e-01
5.000440478324890137e-01
5.000175833702087402e-01
5.002277493476867676e-01
4.988359212875366211e-01
5.002745389938354492e-01
4.993377625942230225e-01
4.997154176235198975e-01
4.986936151981353760e-01
5.001952648162841797e-01
4.992774724960327148e-01
5.000971555709838867e-01
4.991454184055328369e-01
5.003501176834106445e-01
4.994008839130401611e-01
5.002909898757934570e-01
4.991736710071563721e-01
5.000521540641784668e-01
4.992879629135131836e-01
5.003059506416320801e-01
5.001279115676879883e-01
4.993599355220794678e-01
5.003130435943603516e-01
4.989432990550994873e-01
5.003616809844970703e-01
5.000747442245483398e-01
4.997310340404510498e-01
4.994263648986816406e-01
5.005513429641723633e-01
4.998702108860015869e-01
4.992636740207672119e-01
5.001491308212280273e-01
4.992694854736328125e-01
4.996196925640106201e-01
4.990776181221008301e-01
5.001810789108276367e-01
5.002226233482360840e-01
4.992522895336151123e-01
5.002312064170837402e-01
4.995232820510864258e-01
5.003859996795654297e-01
5.002856254577636719e-01
4.993247091770172119e-01
5.000804662704467773e-01
5.001015067100524902e-01
4.989677667617797852e-01
4.999427795410156250e-01
5.001309514045715332e-01
4.990982711315155029e-01
5.000665187835693359e-01
4.999726116657257080e-01
4.992670714855194092e-01
5.002388954162597656e-01
4.993993639945983887e-01
5.004399418830871582e-01
4.990705549716949463e-01
5.000758767127990723e-01
4.999950528144836426e-01
4.990372359752655029e-01
5.003409981727600098e-01
4.992477893829345703e-01
5.003305077552795410e-01
4.992700517177581787e-01
5.000009536743164062e-01
4.994905591011047363e-01
4.999594986438751221e-01
5.002474784851074219e-01
4.991746544837951660e-01
4.996731579303741455e-01
4.994646608829498291e-01
4.998751282691955566e-01
4.990606307983398438e-01
5.001281499862670898e-01
5.001741051673889160e-01
4.991612136363983154e-01
5.002939701080322266e-01
4.991007149219512939e-01
5.001889467239379883e-01
5.001066327095031738e-01
4.991697967052459717e-01
4.998404383659362793e-01
4.994206130504608154e-01
5.000462532043457031e-01
4.990307390689849854e-01
5.001661777496337891e-01
5.002271533012390137e-01
4.992248415946960449e-01
5.003310441970825195e-01
4.990637898445129395e-01
5.003169178962707520e-01
4.992677867412567139e-01
5.003056526184082031e-01
4.998001754283905029e-01
4.992451369762420654e-01
5.000168085098266602e-01
4.987222254276275635e-01
5.004899501800537109e-01
5.000325441360473633e-01
4.991486668586730957e-01
4.999223947525024414e-01
4.991629123687744141e-01
5.001902580261230469e-01
5.000373125076293945e-01
4.989530444145202637e-01
4.999633133411407471e-01
4.990484118461608887e-01
5.003312826156616211e-01
4.988615214824676514e-01
4.999065101146697998e-01
4.992786645889282227e-01
5.001919269561767578e-01
5.002846717834472656e-01
5.002356171607971191e-01
4.988262951374053955e-01
4.999940097332000732e-01
5.002361536026000977e-01
4.986560940742492676e-01
4.999212920665740967e-01
5.001834034919738770e-01
4.993305802345275879e-01
5.002248287200927734e-01
4.989568889141082764e-01
4.998524487018585205e-01
5.001524686813354492e-01
5.003662109375000000e-01
4.994226694107055664e-01
5.003663301467895508e-01
4.998804330825805664e-01
4.992657303810119629e-01
5.000496506690979004e-01
5.004098415374755859e-01
4.988470077514648438e-01
4.999388158321380615e-01
4.990418255329132080e-01
5.000284314155578613e-01
4.994204640388488770e-01
5.001192092895507812e-01
5.002852082252502441e-01
4.990535676479339600e-01
5.000303983688354492e-01
5.000277161598205566e-01
4.992558360099792480e-01
5.001890659332275391e-01
4.990721344947814941e-01
5.003063678741455078e-01
4.994134008884429932e-01
5.001359581947326660e-01
4.991363883018493652e-01
5.002138018608093262e-01
5.002519488334655762e-01
4.991869330406188965e-01
4.997117817401885986e-01
4.993628561496734619e-01
5.002158284187316895e-01
5.003153085708618164e-01
4.989545643329620361e-01
5.002980232238769531e-01
4.990641176700592041e-01
5.002834796905517578e-01
4.988273084163665771e-01
5.007516741752624512e-01
5.001496076583862305e-01
4.987410604953765869e-01
5.001986622810363770e-01
4.992607533931732178e-01
5.007302165031433105e-01
4.989043474197387695e-01
5.002333521842956543e-01
4.989257454872131348e-01
5.003998279571533203e-01
4.991981685161590576e-01
5.001206398010253906e-01
4.992864727973937988e-01
5.001240372657775879e-01
4.985490143299102783e-01
5.004525780677795410e-01
4.998849332332611084e-01
5.000967979431152344e-01
4.992860257625579834e-01
5.002154707908630371e-01
4.993451237678527832e-01
5.003728270530700684e-01
5.003411173820495605e-01
4.991529881954193115e-01
5.000306367874145508e-01
4.990434944629669189e-01
4.999207556247711182e-01
4.990044534206390381e-01
5.000814795494079590e-01
4.989098012447357178e-01
5.001441836357116699e-01
5.003417730331420898e-01
5.000452995300292969e-01
4.992691874504089355e-01
4.999223053455352783e-01
5.000939369201660156e-01
5.003384947776794434e-01
4.993012547492980957e-01
5.003218650817871094e-01
4.992292523384094238e-01
5.004344582557678223e-01
4.995892643928527832e-01
5.002317428588867188e-01
4.985934793949127197e-01
4.999840855598449707e-01
4.990791678428649902e-01
5.001049041748046875e-01
4.999482035636901855e-01
4.993534684181213379e-01
5.000376105308532715e-01
4.998736679553985596e-01
4.993569254875183105e-01
5.003486275672912598e-01
5.001192688941955566e-01
4.989781081676483154e-01
5.001434683799743652e-01
4.993179142475128174e-01
4.998841881752014160e-01
4.991751015186309814e-01
5.000294446945190430e-01
4.986561238765716553e-01
5.002337098121643066e-01
4.992884695529937744e-01
5.001136660575866699e-01
4.991154074668884277e-01
5.000472664833068848e-01
4.997769892215728760e-01
4.991981387138366699e-01
5.002197623252868652e-01
5.000996589660644531e-01
4.989149272441864014e-01
5.002523064613342285e-01
4.999216794967651367e-01
4.990701675415039062e-01
5.000563263893127441e-01
4.997304677963256836e-01
4.993079900741577148e-01
5.002629756927490234e-01
4.990149736404418945e-01
5.002809166908264160e-01
4.992244243621826172e-01
5.003969669342041016e-01
5.000528097152709961e-01
4.990880191326141357e-01
5.000509619712829590e-01
4.991533458232879639e-01
5.003615617752075195e-01
5.005295872688293457e-01
4.990706145763397217e-01
5.002617835998535156e-01
4.992607235908508301e-01
5.002294778823852539e-01
5.003428459167480469e-01
4.993394315242767334e-01
4.999840259552001953e-01
5.000531673431396484e-01
5.001876354217529297e-01
4.991183578968048096e-01
4.999604225158691406e-01
5.003232359886169434e-01
4.994088709354400635e-01
5.002549290657043457e-01
4.993360340595245361e-01
5.006148219108581543e-01
4.998195767402648926e-01
4.996098279953002930e-01
5.003530383110046387e-01
4.988690018653869629e-01
5.001776814460754395e-01
4.994004070758819580e-01
4.998636841773986816e-01
4.991667568683624268e-01
5.004586577415466309e-01
4.992776215076446533e-01
4.998953342437744141e-01
4.992464482784271240e-01
5.004380941390991211e-01
5.000123381614685059e-01
4.989072382450103760e-01
5.001505017280578613e-01
4.994486272335052490e-01
5.001687407493591309e-01
4.999300241470336914e-01
4.993486404418945312e-01
4.997095763683319092e-01
4.988632202148437500e-01
5.001941919326782227e-01
5.001860260963439941e-01
5.003188848495483398e-01
4.992604851722717285e-01
5.005269050598144531e-01
4.987421631813049316e-01
5.001857280731201172e-01
4.991948306560516357e-01
5.003038048744201660e-01
4.993208050727844238e-01
5.005159378051757812e-01
4.991915225982666016e-01
5.005156397819519043e-01
4.993587136268615723e-01
5.002825856208801270e-01
4.993798434734344482e-01
5.002657771110534668e-01
4.993957579135894775e-01
4.997898936271667480e-01
4.992039203643798828e-01
5.002048611640930176e-01
4.991851150989532471e-01
4.999727308750152588e-01
4.992293715476989746e-01
5.002650022506713867e-01
4.993420541286468506e-01
4.998919665813446045e-01
4.991111159324645996e-01
5.002228617668151855e-01
4.988996386528015137e-01
5.002446770668029785e-01
4.992962479591369629e-01
5.002889037132263184e-01
5.001401901245117188e-01
5.002267360687255859e-01
5.002931356430053711e-01
4.993115961551666260e-01
5.000897645950317383e-01
4.998443424701690674e-01
4.985622465610504150e-01
5.004734396934509277e-01
4.993585050106048584e-01
5.002248287200927734e-01
4.989585578441619873e-01
5.000578165054321289e-01
4.990931749343872070e-01
4.999101161956787109e-01
4.992792010307312012e-01
5.003615021705627441e-01
4.994807839393615723e-01
5.001994967460632324e-01
4.983345866203308105e-01
5.003079771995544434e-01
4.993613660335540771e-01
5.002209544181823730e-01
5.003182291984558105e-01
4.986881315708160400e-01
5.001862645149230957e-01
4.992619752883911133e-01
5.004920959472656250e-01
4.992485642433166504e-01
5.000168681144714355e-01
5.004196166992187500e-01
4.999871253967285156e-01
4.992992579936981201e-01
4.997410774230957031e-01
5.004726052284240723e-01
4.992322921752929688e-01
5.000808835029602051e-01
4.992959499359130859e-01
5.000826716423034668e-01
5.000445842742919922e-01
5.002376437187194824e-01
4.990362524986267090e-01
5.002638697624206543e-01
4.994107782840728760e-01
4.998249113559722900e-01
4.991914331912994385e-01
5.001479983329772949e-01
4.992102086544036865e-01
5.000371932983398438e-01
4.999657571315765381e-01
5.002912282943725586e-01
4.987572729587554932e-01
5.002028942108154297e-01
5.003924965858459473e-01
4.987918138504028320e-01
4.997821450233459473e-01
5.003665685653686523e-01
4.989571571350097656e-01
5.001856684684753418e-01
5.002213716506958008e-01
5.000752210617065430e-01
5.002155303955078125e-01
4.992300271987915039e-01
4.997033178806304932e-01
4.988073408603668213e-01
4.999153316020965576e-01
4.991212785243988037e-01
5.002180933952331543e-01
4.998758733272552490e-01
4.995425641536712646e-01
5.000368356704711914e-01
4.998732507228851318e-01
4.988199174404144287e-01
5.000847578048706055e-01
5.000767707824707031e-01
4.993704259395599365e-01
4.996722340583801270e-01
4.992042481899261475e-01
5.002435445785522461e-01
4.993951320648193359e-01
5.003486871719360352e-01
4.985913634300231934e-01
5.004662275314331055e-01
4.993066489696502686e-01
5.002602338790893555e-01
5.001132488250732422e-01
5.003567337989807129e-01
5.001947879791259766e-01
5.002037286758422852e-01
5.002406239509582520e-01
4.992623925209045410e-01
4.997338652610778809e-01
5.002518296241760254e-01
4.992844164371490479e-01
4.998950660228729248e-01
4.992425739765167236e-01
5.005781650543212891e-01
4.993885159492492676e-01
5.004552006721496582e-01
4.993782341480255127e-01
5.003379583358764648e-01
4.996260404586791992e-01
5.002936720848083496e-01
5.001573562622070312e-01
4.993484616279602051e-01
4.999938607215881348e-01
4.992926418781280518e-01
5.001167654991149902e-01
4.991288781166076660e-01
5.000489354133605957e-01
4.997245669364929199e-01
4.994561672210693359e-01
5.002436637878417969e-01
4.991315901279449463e-01
4.999657273292541504e-01
4.984937012195587158e-01
5.000050067901611328e-01
5.002166628837585449e-01
5.002378821372985840e-01
4.993966817855834961e-01
5.002281069755554199e-01
4.993667006492614746e-01
4.996864199638366699e-01
4.986673891544342041e-01
5.001081228256225586e-01
4.986968934535980225e-01
5.000746846199035645e-01
4.986222982406616211e-01
5.000663995742797852e-01
4.994364976882934570e-01
5.000779628753662109e-01
4.989424645900726318e-01
4.999683201313018799e-01
4.988862872123718262e-01
5.002118945121765137e-01
4.993573129177093506e-01
5.002303123474121094e-01
4.994007945060729980e-01
5.003912448883056641e-01
4.991149306297302246e-01
4.999751746654510498e-01
4.987874329090118408e-01
4.999829530715942383e-01
4.990988075733184814e-01
5.003058910369873047e-01
5.002605915069580078e-01
4.995149672031402588e-01
5.000775456428527832e-01
4.998351931571960449e-01
4.991643726825714111e-01
5.000915527343750000e-01
4.993594884872436523e-01
5.001590251922607422e-01
4.993015825748443604e-01
4.999274313449859619e-01
4.991413056850433350e-01
4.998607933521270752e-01
5.005414485931396484e-01
4.990491867065429688e-01
5.002136230468750000e-01
4.993920028209686279e-01
4.996778666973114014e-01
4.991349577903747559e-01
4.999181032180786133e-01
4.990839362144470215e-01
5.001668930053710938e-01
4.991168081760406494e-01
5.003934502601623535e-01
4.991763830184936523e-01
4.998745322227478027e-01
4.994533061981201172e-01
5.002774000167846680e-01
5.001616477966308594e-01
4.989204108715057373e-01
5.000645518302917480e-01
5.005121231079101562e-01
4.989636838436126709e-01
5.003296136856079102e-01
4.989940524101257324e-01
5.003073215484619141e-01
4.998730421066284180e-01
4.999615252017974854e-01
4.986681938171386719e-01
5.004760026931762695e-01
4.993443489074707031e-01
4.987697899341583252e-01
4.988606274127960205e-01
5.002312660217285156e-01
4.999525249004364014e-01
5.000939965248107910e-01
4.991106092929840088e-01
5.001281499862670898e-01
5.003020763397216797e-01
4.994631707668304443e-01
4.996675252914428711e-01
5.001320838928222656e-01
4.992562830448150635e-01
5.002827644348144531e-01
4.990905523300170898e-01
5.002484321594238281e-01
5.004738569259643555e-01
4.992436766624450684e-01
5.001142621040344238e-01
4.991763830184936523e-01
5.002406835556030273e-01
4.994298517704010010e-01
5.003589391708374023e-01
5.003599524497985840e-01
4.992448687553405762e-01
5.000068545341491699e-01
4.992580711841583252e-01
4.998170435428619385e-01
4.990196526050567627e-01
5.002326369285583496e-01
5.002056360244750977e-01
5.002647042274475098e-01
4.991856813430786133e-01
5.000511407852172852e-01
4.987905323505401611e-01
5.000646114349365234e-01
5.001510381698608398e-01
4.996476769447326660e-01
4.987110197544097900e-01
5.003151893615722656e-01
5.004008412361145020e-01
4.990823268890380859e-01
5.002683997154235840e-01
4.988400638103485107e-01
5.002003312110900879e-01
4.988008439540863037e-01
5.001383423805236816e-01
5.004983544349670410e-01
5.003340244293212891e-01
4.991949498653411865e-01
5.003237128257751465e-01
5.001300573348999023e-01
4.987363815307617188e-01
5.002487301826477051e-01
5.002927184104919434e-01
4.991898834705352783e-01
5.003007650375366211e-01
4.999091029167175293e-01
5.005973577499389648e-01
4.987585246562957764e-01
4.993375241756439209e-01
5.002127885818481445e-01
5.000349283218383789e-01
4.994481801986694336e-01
4.999543726444244385e-01
5.000665783882141113e-01
5.002118945121765137e-01
4.993375837802886963e-01
5.003199577331542969e-01
5.002638697624206543e-01
5.001848340034484863e-01
4.991935491561889648e-01
5.002790093421936035e-01
5.003994703292846680e-01
4.991918206214904785e-01
5.001639723777770996e-01
4.992440938949584961e-01
5.002022385597229004e-01
4.994001984596252441e-01
4.999511837959289551e-01
4.999353885650634766e-01
4.995046257972717285e-01
5.001211762428283691e-01
5.000711679458618164e-01
4.990007579326629639e-01
5.004401803016662598e-01
4.989869296550750732e-01
5.003449320793151855e-01
5.001499652862548828e-01
4.993585050106048584e-01
4.998387992382049561e-01
4.991306066513061523e-01
5.003041625022888184e-01
4.990184605121612549e-01
5.001154541969299316e-01
4.992060959339141846e-01
5.003682971000671387e-01
4.994179308414459229e-01
5.000077486038208008e-01
5.002179145812988281e-01
4.992887973785400391e-01
5.000057220458984375e-01
5.004048347473144531e-01
5.002535581588745117e-01
4.992278814315795898e-01
5.001319646835327148e-01
4.992187023162841797e-01
5.000029206275939941e-01
4.994142353534698486e-01
4.998390674591064453e-01
4.989607334136962891e-01
5.002562999725341797e-01
4.993369281291961670e-01
5.002020597457885742e-01
5.002813339233398438e-01
4.999240040779113770e-01
4.990948438644409180e-01
5.002651214599609375e-01
4.991859793663024902e-01
5.000112652778625488e-01
4.990645051002502441e-01
4.998229146003723145e-01
4.993107616901397705e-01
5.002738833427429199e-01
5.002978444099426270e-01
4.992827773094177246e-01
5.003859400749206543e-01
5.001183748245239258e-01
4.983790218830108643e-01
5.004931688308715820e-01
5.001357197761535645e-01
4.994019269943237305e-01
5.003114938735961914e-01
4.987682104110717773e-01
4.999606311321258545e-01
4.991399943828582764e-01
5.001401901245117188e-01
4.998785257339477539e-01
4.993129968643188477e-01
5.002735853195190430e-01
4.993481040000915527e-01
5.001096129417419434e-01
5.001447796821594238e-01
4.995536804199218750e-01
5.001779198646545410e-01
4.993035495281219482e-01
4.997718036174774170e-01
4.988251328468322754e-01
5.003069043159484863e-01
4.991631507873535156e-01
5.003466010093688965e-01
5.002816915512084961e-01
4.989919662475585938e-01
5.002309679985046387e-01
5.001401901245117188e-01
4.995877444744110107e-01
4.999135732650756836e-01
5.000786185264587402e-01
4.993087351322174072e-01
5.003131628036499023e-01
4.989192783832550049e-01
4.994413554668426514e-01
4.986137449741363525e-01
5.001986026763916016e-01
4.986134171485900879e-01
5.004588961601257324e-01
4.992286860942840576e-01
4.998090267181396484e-01
5.002694129943847656e-01
5.002504587173461914e-01
4.989586770534515381e-01
4.992473423480987549e-01
4.989557862281799316e-01
4.989949166774749756e-01
4.995524287223815918e-01
4.989393949508666992e-01
4.990081787109375000e-01
4.998445808887481689e-01
5.004183650016784668e-01
4.990005195140838623e-01
4.998296499252319336e-01
4.994985163211822510e-01
4.996362626552581787e-01
4.993526637554168701e-01
4.996597468852996826e-01
5.002577304840087891e-01
5.000295639038085938e-01
4.994029998779296875e-01
4.998295307159423828e-01
4.993731379508972168e-01
4.989108443260192871e-01
4.995784163475036621e-01
4.981079101562500000e-01
4.991447031497955322e-01
4.993250072002410889e-01
4.992746710777282715e-01
4.995450079441070557e-01
4.997851252555847168e-01
4.999116063117980957e-01
5.000169873237609863e-01
4.994157850742340088e-01
4.998371005058288574e-01
4.991299211978912354e-01
4.997077584266662598e-01
4.995347261428833008e-01
4.999988377094268799e-01
4.998129904270172119e-01
4.995695054531097412e-01
4.992437362670898438e-01
4.987755715847015381e-01
4.999755620956420898e-01
5.001828074455261230e-01
4.988750517368316650e-01
5.001223683357238770e-01
4.995045363903045654e-01
4.992737770080566406e-01
4.997248947620391846e-01
4.995178580284118652e-01
4.995146095752716064e-01
5.001487731933593750e-01
4.997151494026184082e-01
4.995626807212829590e-01
4.989922344684600830e-01
4.996918439865112305e-01
5.003651976585388184e-01
4.992296397686004639e-01
4.995666146278381348e-01
4.990204274654388428e-01
4.999192655086517334e-01
4.999546408653259277e-01
4.997003078460693359e-01
5.003890991210937500e-01
5.001598596572875977e-01
4.995062947273254395e-01
5.002636313438415527e-01
4.988203644752502441e-01
4.999795854091644287e-01
4.998606145381927490e-01
4.992627203464508057e-01
4.993812143802642822e-01
4.992513060569763184e-01
4.993399977684020996e-01
5.004121065139770508e-01
4.991034269332885742e-01
4.991748332977294922e-01
5.004597306251525879e-01
4.991042912006378174e-01
4.993483722209930420e-01
4.999333322048187256e-01
4.993510246276855469e-01
4.997380673885345459e-01
5.002563595771789551e-01
4.996697306632995605e-01
4.993689060211181641e-01
4.994298517704010010e-01
4.987080097198486328e-01
4.992523193359375000e-01
4.997962117195129395e-01
5.002896189689636230e-01
4.993080496788024902e-01
5.001093745231628418e-01
4.992271065711975098e-01
4.999764263629913330e-01
4.993394911289215088e-01
5.001839399337768555e-01
4.994231164455413818e-01
5.000471472740173340e-01
4.991042912006378174e-01
5.001432299613952637e-01
4.988312423229217529e-01
5.000017881393432617e-01
4.994116127490997314e-01
5.001951456069946289e-01
4.994412362575531006e-01
5.001300573348999023e-01
4.993749260902404785e-01
5.002130270004272461e-01
4.993447661399841309e-01
4.998626112937927246e-01
4.993589222431182861e-01
5.004355907440185547e-01
4.993944168090820312e-01
5.003668665885925293e-01
4.994667172431945801e-01
5.003187656402587891e-01
4.991346895694732666e-01
5.001441240310668945e-01
4.991915822029113770e-01
5.000000000000000000e-01
4.989390075206756592e-01
4.997894167900085449e-01
4.986635744571685791e-01
4.999957978725433350e-01
4.990385174751281738e-01
5.002314448356628418e-01
4.994090497493743896e-01
4.999355375766754150e-01
4.990651607513427734e-01
5.000129938125610352e-01
4.991183280944824219e-01
4.999834001064300537e-01
4.992994070053100586e-01
4.999722540378570557e-01
4.989957213401794434e-01
5.000659823417663574e-01
4.998570680618286133e-01
4.991334378719329834e-01
4.998102188110351562e-01
4.998928308486938477e-01
4.993521273136138916e-01
5.001476407051086426e-01
4.997652471065521240e-01
4.987277090549468994e-01
4.999079704284667969e-01
4.990873932838439941e-01
5.005148649215698242e-01
4.991893470287322998e-01
5.001754760742187500e-01
4.998661279678344727e-01
5.003723502159118652e-01
5.003564953804016113e-01
4.987453818321228027e-01
4.997912347316741943e-01
4.991961121559143066e-01
5.001622438430786133e-01
5.003086328506469727e-01
5.003905296325683594e-01
5.000424981117248535e-01
4.988444745540618896e-01
4.996648132801055908e-01
4.988962113857269287e-01
5.001292228698730469e-01
4.990725815296173096e-01
5.002280473709106445e-01
4.992625415325164795e-01
5.000321865081787109e-01
4.991413950920104980e-01
5.004459619522094727e-01
5.004074573516845703e-01
4.991396665573120117e-01
5.004650354385375977e-01
5.002397298812866211e-01
4.990880489349365234e-01
5.004616975784301758e-01
4.994942545890808105e-01
4.996568858623504639e-01
4.986644983291625977e-01
4.999095201492309570e-01
4.992929995059967041e-01
5.002377629280090332e-01
4.992585182189941406e-01
4.998171627521514893e-01
5.001477599143981934e-01
4.990506470203399658e-01
4.999181628227233887e-01
5.002986192703247070e-01
4.993554055690765381e-01
4.991338551044464111e-01
4.993134737014770508e-01
4.997688531875610352e-01
5.001500844955444336e-01
4.993239343166351318e-01
5.001558065414428711e-01
5.004706978797912598e-01
4.994587302207946777e-01
5.001302361488342285e-01
4.994412064552307129e-01
5.000689625740051270e-01
4.993408322334289551e-01
5.001448392868041992e-01
5.001895427703857422e-01
4.995380043983459473e-01
4.992319941520690918e-01
5.003323554992675781e-01
4.989848434925079346e-01
5.001792907714843750e-01
4.990570247173309326e-01
5.002494454383850098e-01
5.001118183135986328e-01
4.988864660263061523e-01
5.002128481864929199e-01
4.999077618122100830e-01
5.001242756843566895e-01
4.992645084857940674e-01
5.005127787590026855e-01
5.002773404121398926e-01
5.004544854164123535e-01
4.993838369846343994e-01
5.000442862510681152e-01
4.989906847476959229e-01
4.997405707836151123e-01
5.000783205032348633e-01
5.002830028533935547e-01
5.003864169120788574e-01
4.992747902870178223e-01
5.000397562980651855e-01
4.989813268184661865e-01
5.003818869590759277e-01
5.003268122673034668e-01
5.002340674400329590e-01
4.987424612045288086e-01
4.994694590568542480e-01
4.988427460193634033e-01
5.001211762428283691e-01
5.000001788139343262e-01
4.990607500076293945e-01
5.003157854080200195e-01
5.002789497375488281e-01
5.000625252723693848e-01
4.993172883987426758e-01
5.000737905502319336e-01
4.996745586395263672e-01
4.992077648639678955e-01
5.000973343849182129e-01
4.993934035301208496e-01
5.001319050788879395e-01
5.005520582199096680e-01
4.988716542720794678e-01
4.997452795505523682e-01
4.994696080684661865e-01
5.002393126487731934e-01
4.993867576122283936e-01
5.002112388610839844e-01
4.989199042320251465e-01
5.001437664031982422e-01
4.991700053215026855e-01
5.004166364669799805e-01
4.992413222789764404e-01
5.000148415565490723e-01
4.990823566913604736e-01
4.997650086879730225e-01
5.003607273101806641e-01
4.986798465251922607e-01
5.001114606857299805e-01
4.989788234233856201e-01
5.002436637878417969e-01
4.991450011730194092e-01
5.000042915344238281e-01
4.994667768478393555e-01
5.002475380897521973e-01
5.002740025520324707e-01
4.989721775054931641e-01
4.997282922267913818e-01
4.992523491382598877e-01
4.998878836631774902e-01
5.000905394554138184e-01
4.991918802261352539e-01
5.000984072685241699e-01
5.001375675201416016e-01
4.995949268341064453e-01
5.003129839897155762e-01
5.004502534866333008e-01
5.000909566879272461e-01
4.988992810249328613e-01
5.003083944320678711e-01
4.992735087871551514e-01
5.001873373985290527e-01
4.986514151096343994e-01
4.996103048324584961e-01
4.990954995155334473e-01
5.002042055130004883e-01
4.992577433586120605e-01
5.002796649932861328e-01
4.992704689502716064e-01
4.996944367885589600e-01
4.992870688438415527e-01
5.002538561820983887e-01
4.988143146038055420e-01
5.000605583190917969e-01
4.991756975650787354e-01
5.001677274703979492e-01
5.003200173377990723e-01
5.002683997154235840e-01
4.991351962089538574e-01
4.998510479927062988e-01
5.001970529556274414e-01
4.985286891460418701e-01
5.001348853111267090e-01
4.987896978855133057e-01
5.003876090049743652e-01
4.983769953250885010e-01
5.003709793090820312e-01
4.992508292198181152e-01
5.006506443023681641e-01
5.000678300857543945e-01
4.984426200389862061e-01
4.999332726001739502e-01
4.992334246635437012e-01
4.999795258045196533e-01
4.985070228576660156e-01
5.003072619438171387e-01
4.994265437126159668e-01
4.999135136604309082e-01
4.992254078388214111e-01
4.997181594371795654e-01
5.000831484794616699e-01
4.988957643508911133e-01
4.998051524162292480e-01
4.991689324378967285e-01
5.006886124610900879e-01
5.003162026405334473e-01
4.988985955715179443e-01
4.999466836452484131e-01
5.003842115402221680e-01
4.991331100463867188e-01
5.004891753196716309e-01
4.997350573539733887e-01
5.001899600028991699e-01
4.988769590854644775e-01
5.000850558280944824e-01
5.001621246337890625e-01
4.990288913249969482e-01
5.002707839012145996e-01
4.988998770713806152e-01
4.999633431434631348e-01
5.002248883247375488e-01
5.005947947502136230e-01
5.000800490379333496e-01
4.999668300151824951e-01
5.002316832542419434e-01
4.998630583286285400e-01
4.992673695087432861e-01
5.007082223892211914e-01
4.998895525932312012e-01
4.992505311965942383e-01
4.997801184654235840e-01
5.000617504119873047e-01
4.988886415958404541e-01
4.999067485332489014e-01
5.000816583633422852e-01
4.990077018737792969e-01
5.007608532905578613e-01
4.994102120399475098e-01
5.001994371414184570e-01
5.002236366271972656e-01
4.992474615573883057e-01
5.003033876419067383e-01
4.990338087081909180e-01
5.002141594886779785e-01
4.992686212062835693e-01
5.000883340835571289e-01
4.992426037788391113e-01
5.002793669700622559e-01
4.994234740734100342e-01
5.000380277633666992e-01
4.994800686836242676e-01
5.002552866935729980e-01
4.988313615322113037e-01
5.000371336936950684e-01
4.988693296909332275e-01
5.000372529029846191e-01
5.000892281532287598e-01
4.996900856494903564e-01
5.002588033676147461e-01
4.988583624362945557e-01
5.002062320709228516e-01
4.999200701713562012e-01
4.999717772006988525e-01
5.002654194831848145e-01
4.993927776813507080e-01
5.000350475311279297e-01
4.998625516891479492e-01
4.993668198585510254e-01
4.998821318149566650e-01
4.992862343788146973e-01
5.005424618721008301e-01
5.000847578048706055e-01
5.003564357757568359e-01
4.994240701198577881e-01
5.003160238265991211e-01
5.001791119575500488e-01
5.001260042190551758e-01
4.994515776634216309e-01
5.001742243766784668e-01
5.001246333122253418e-01
5.001270174980163574e-01
5.001425147056579590e-01
4.994290173053741455e-01
5.002282261848449707e-01
5.005024671554565430e-01
4.988337159156799316e-01
5.001735687255859375e-01
4.990625083446502686e-01
5.000885128974914551e-01
5.001825690269470215e-01
5.000833868980407715e-01
5.003399252891540527e-01
5.001121759414672852e-01
4.989665150642395020e-01
5.001301765441894531e-01
4.990252852439880371e-01
5.002337098121643066e-01
4.991369545459747314e-01
5.000272989273071289e-01
4.998249113559722900e-01
5.002881288528442383e-01
4.999870061874389648e-01
4.998997449874877930e-01
4.987110197544097900e-01
5.000856518745422363e-01
4.997908771038055420e-01
4.991788566112518311e-01
5.003998875617980957e-01
4.990273416042327881e-01
5.002169609069824219e-01
5.000178813934326172e-01
4.992597699165344238e-01
4.997373521327972412e-01
4.992824196815490723e-01
5.002079010009765625e-01
5.002408027648925781e-01
4.991928040981292725e-01
5.001759529113769531e-01
4.994302093982696533e-01
5.004717707633972168e-01
5.003170967102050781e-01
4.989366233348846436e-01
5.000007152557373047e-01
4.992241859436035156e-01
5.003785490989685059e-01
4.999554455280303955e-01
4.992834925651550293e-01
5.000898241996765137e-01
5.001958012580871582e-01
4.991789162158966064e-01
5.000882148742675781e-01
4.987419843673706055e-01
5.000796914100646973e-01
5.002435445785522461e-01
4.991827309131622314e-01
5.000907778739929199e-01
4.991823732852935791e-01
4.999445676803588867e-01
5.002360343933105469e-01
4.989125728607177734e-01
5.001212954521179199e-01
5.004889369010925293e-01
4.992866218090057373e-01
5.001171827316284180e-01
5.004621744155883789e-01
4.998643398284912109e-01
4.991685152053833008e-01
5.004454255104064941e-01
4.992164075374603271e-01
5.000355243682861328e-01
4.993118047714233398e-01
5.000750422477722168e-01
4.998220205307006836e-01
5.001325607299804688e-01
4.990465342998504639e-01
5.001077055931091309e-01
4.991352558135986328e-01
5.000979900360107422e-01
4.992548227310180664e-01
4.999866783618927002e-01
5.006132125854492188e-01
5.002701282501220703e-01
4.992827177047729492e-01
5.001656413078308105e-01
4.988441169261932373e-01
5.000640153884887695e-01
4.993799626827239990e-01
5.001158118247985840e-01
4.988830387592315674e-01
5.001810193061828613e-01
4.992578625679016113e-01
5.001631379127502441e-01
4.990657269954681396e-01
4.998541176319122314e-01
4.994757473468780518e-01
5.001413226127624512e-01
4.990891218185424805e-01
4.999946951866149902e-01
4.994716346263885498e-01
5.001336336135864258e-01
4.998734593391418457e-01
4.991113543510437012e-01
4.999451339244842529e-01
5.003092885017395020e-01
4.990339577198028564e-01
5.003389120101928711e-01
4.992804229259490967e-01
5.000115036964416504e-01
4.998080730438232422e-01
4.993381500244140625e-01
4.994652867317199707e-01
4.995526373386383057e-01
5.003736019134521484e-01
4.991342127323150635e-01
4.997842609882354736e-01
5.002625584602355957e-01
4.997237324714660645e-01
5.001299977302551270e-01
4.991678893566131592e-01
5.002598762512207031e-01
4.993388652801513672e-01
5.002859830856323242e-01
5.000536441802978516e-01
4.993910193443298340e-01
5.000135898590087891e-01
4.998123347759246826e-01
4.996518492698669434e-01
5.002788901329040527e-01
4.990463852882385254e-01
5.002160072326660156e-01
4.998267889022827148e-01
4.999162852764129639e-01
5.002912282943725586e-01
5.002170205116271973e-01
4.994733035564422607e-01
5.001227259635925293e-01
4.993993043899536133e-01
5.003771781921386719e-01
5.003281831741333008e-01
4.991158545017242432e-01
5.002295374870300293e-01
5.002298951148986816e-01
4.994165599346160889e-01
5.002158284187316895e-01
5.002065300941467285e-01
4.991838634014129639e-01
4.992460012435913086e-01
5.001090764999389648e-01
4.993876218795776367e-01
5.000721812248229980e-01
5.005540847778320312e-01
5.000187158584594727e-01
4.991397857666015625e-01
5.003558397293090820e-01
4.993351995944976807e-01
5.000852346420288086e-01
5.002371072769165039e-01
4.992733001708984375e-01
4.996070861816406250e-01
4.996194839477539062e-01
5.003572106361389160e-01
5.004828572273254395e-01
5.000521540641784668e-01
4.991219043731689453e-01
4.998392462730407715e-01
5.005070567131042480e-01
4.988418519496917725e-01
5.006662607192993164e-01
5.000919699668884277e-01
4.992550611495971680e-01
5.004030466079711914e-01
5.001792311668395996e-01
4.999462962150573730e-01
4.988207221031188965e-01
5.003302097320556641e-01
4.994138479232788086e-01
5.000622272491455078e-01
4.989783763885498047e-01
5.004242062568664551e-01
4.992246925830841064e-01
5.000755786895751953e-01
4.986302852630615234e-01
5.001026391983032227e-01
4.992382824420928955e-01
4.994662106037139893e-01
5.000330209732055664e-01
5.003077387809753418e-01
4.999967515468597412e-01
5.003695487976074219e-01
5.003075599670410156e-01
5.004944205284118652e-01
5.000852346420288086e-01
4.987539649009704590e-01
4.998802542686462402e-01
5.003191828727722168e-01
4.994048774242401123e-01
4.999979734420776367e-01
5.005959272384643555e-01
5.003471374511718750e-01
4.988177418708801270e-01
5.000560283660888672e-01
4.991011619567871094e-01
4.995917379856109619e-01
4.994542002677917480e-01
4.999757111072540283e-01
4.990507066249847412e-01
5.004270076751708984e-01
4.992671310901641846e-01
4.993559420108795166e-01
4.989471733570098877e-01
5.000952482223510742e-01
5.003903508186340332e-01
4.989339411258697510e-01
5.000620484352111816e-01
4.993040859699249268e-01
4.999299049377441406e-01
4.991240799427032471e-01
4.993048608303070068e-01
4.994314014911651611e-01
4.992654323577880859e-01
4.987263679504394531e-01
5.001020431518554688e-01
4.989329576492309570e-01
5.002071857452392578e-01
4.987113475799560547e-01
5.004100203514099121e-01
4.991604983806610107e-01
5.003473758697509766e-01
4.991649687290191650e-01
5.005703568458557129e-01
4.990329444408416748e-01
5.004498362541198730e-01
4.987908899784088135e-01
5.003083348274230957e-01
4.998912513256072998e-01
4.987992346286773682e-01
5.004990100860595703e-01
4.993018209934234619e-01
5.004481077194213867e-01
4.990554451942443848e-01
5.002215504646301270e-01
4.986821711063385010e-01
5.003242492675781250e-01
5.002138018608093262e-01
4.990307688713073730e-01
4.997216463088989258e-01
4.998030662536621094e-01
4.987270236015319824e-01
5.002995133399963379e-01
4.994304180145263672e-01
5.002298951148986816e-01
5.003759860992431641e-01
4.995872676372528076e-01
5.006129145622253418e-01
4.985484182834625244e-01
5.002681016921997070e-01
5.001826286315917969e-01
4.992181956768035889e-01
5.002425909042358398e-01
4.992477595806121826e-01
5.002421140670776367e-01
5.003119111061096191e-01
4.996708333492279053e-01
5.001992583274841309e-01
4.989624321460723877e-01
4.998649656772613525e-01
4.992153942584991455e-01
5.004122257232666016e-01
4.992256164550781250e-01
5.004063248634338379e-01
4.992605745792388916e-01
5.005952119827270508e-01
4.994129836559295654e-01
5.004692077636718750e-01
4.991106688976287842e-01
5.002977848052978516e-01
4.992969334125518799e-01
5.003275871276855469e-01
4.994720220565795898e-01
5.005205869674682617e-01
4.989252686500549316e-01
5.003543496131896973e-01
5.003260374069213867e-01
4.993906021118164062e-01
5.002713203430175781e-01
5.002329349517822266e-01
4.989722669124603271e-01
5.002640485763549805e-01
4.999114871025085449e-01
5.003762245178222656e-01
4.991436898708343506e-01
5.003044605255126953e-01
4.986616075038909912e-01
5.002242326736450195e-01
4.990925192832946777e-01
4.999322891235351562e-01
4.989027380943298340e-01
4.992804527282714844e-01
4.989617764949798584e-01
5.001475811004638672e-01
4.993088245391845703e-01
5.004003643989562988e-01
4.991087913513183594e-01
4.998095929622650146e-01
4.999114871025085449e-01
4.994347393512725830e-01
5.005035996437072754e-01
4.992032051086425781e-01
5.001518130302429199e-01
5.000920295715332031e-01
4.990005195140838623e-01
5.003511309623718262e-01
4.986896216869354248e-01
5.002140998840332031e-01
4.992495775222778320e-01
5.001486539840698242e-01
4.993375241756439209e-01
5.003768205642700195e-01
4.998158514499664307e-01
4.993547797203063965e-01
5.000209212303161621e-01
4.990096986293792725e-01
5.002651810646057129e-01
4.992720782756805420e-01
5.003220438957214355e-01
5.003358125686645508e-01
4.992945492267608643e-01
5.001993179321289062e-01
4.998452365398406982e-01
5.000571608543395996e-01
4.988525211811065674e-01
4.999109208583831787e-01
5.002380013465881348e-01
4.995073378086090088e-01
5.002747774124145508e-01
4.990885853767395020e-01
5.005704164505004883e-01
4.993591308593750000e-01
5.000948309898376465e-01
5.002958774566650391e-01
4.985155165195465088e-01
5.003470778465270996e-01
4.986141026020050049e-01
4.999470412731170654e-01
4.991208910942077637e-01
5.003437399864196777e-01
4.994834065437316895e-01
4.999634623527526855e-01
4.988738894462585449e-01
5.003192424774169922e-01
4.999985992908477783e-01
4.999440014362335205e-01
5.002261996269226074e-01
5.002064108848571777e-01
5.001397132873535156e-01
4.993258118629455566e-01
4.995490312576293945e-01
4.991364777088165283e-01
4.998547136783599854e-01
4.993911385536193848e-01
5.002009272575378418e-01
4.992990195751190186e-01
5.001196265220642090e-01
4.991866052150726318e-01
4.995661675930023193e-01
4.988389611244201660e-01
4.996180534362792969e-01
4.991652071475982666e-01
5.001258850097656250e-01
5.000077486038208008e-01
4.995416402816772461e-01
4.992624819278717041e-01
4.999484419822692871e-01
4.991391897201538086e-01
5.000233650207519531e-01
4.992764294147491455e-01
4.998631775379180908e-01
4.990593194961547852e-01
5.001861453056335449e-01
4.999551475048065186e-01
4.992858469486236572e-01
5.002846717834472656e-01
4.995883405208587646e-01
4.997664988040924072e-01
5.000578761100769043e-01
5.005029439926147461e-01
4.992097616195678711e-01
5.001662373542785645e-01
4.984419345855712891e-01
5.002635717391967773e-01
4.989219307899475098e-01
4.999364018440246582e-01
4.989011585712432861e-01
5.000939965248107910e-01
5.000827908515930176e-01
4.991466701030731201e-01
5.000154376029968262e-01
4.988394081592559814e-01
5.004992485046386719e-01
5.002520680427551270e-01
4.995165169239044189e-01
5.003516674041748047e-01
5.001733899116516113e-01
4.991641044616699219e-01
5.001561641693115234e-01
4.990674555301666260e-01
4.999454915523529053e-01
4.992823600769042969e-01
4.999037086963653564e-01
4.992363452911376953e-01
5.002975463867187500e-01
5.002794861793518066e-01
5.005010366439819336e-01
5.002241730690002441e-01
5.000073909759521484e-01
4.998791217803955078e-01
4.991095662117004395e-01
5.000057220458984375e-01
4.993010759353637695e-01
5.002509951591491699e-01
4.994066655635833740e-01
5.005012154579162598e-01
4.998021721839904785e-01
4.997903406620025635e-01
4.989076256752014160e-01
5.001102089881896973e-01
4.994047284126281738e-01
5.002628564834594727e-01
4.991226494312286377e-01
5.001203417778015137e-01
4.994474053382873535e-01
5.002284646034240723e-01
4.992352426052093506e-01
5.002256035804748535e-01
4.992221295833587646e-01
5.001565217971801758e-01
5.003515481948852539e-01
4.989609420299530029e-01
5.002667903900146484e-01
5.004396438598632812e-01
4.994490146636962891e-01
5.003178715705871582e-01
4.991242587566375732e-01
5.001836419105529785e-01
4.989106059074401855e-01
5.002362132072448730e-01
4.988591969013214111e-01
5.003170371055603027e-01
4.991053640842437744e-01
5.000957250595092773e-01
4.989317059516906738e-01
5.000947117805480957e-01
5.001364946365356445e-01
4.993009567260742188e-01
5.000189542770385742e-01
4.989434182643890381e-01
5.001972317695617676e-01
4.993298053741455078e-01
5.002006292343139648e-01
4.993452727794647217e-01
5.003544688224792480e-01
5.003489851951599121e-01
5.000259876251220703e-01
5.001559853553771973e-01
4.989004433155059814e-01
4.998574256896972656e-01
5.004674792289733887e-01
4.991803765296936035e-01
4.998039603233337402e-01
4.995084702968597412e-01
4.998175501823425293e-01
4.988402724266052246e-01
4.999015331268310547e-01
4.992828369140625000e-01
5.004710555076599121e-01
5.001903176307678223e-01
4.994111061096191406e-01
4.999712407588958740e-01
5.004168748855590820e-01
4.993245899677276611e-01
5.001398324966430664e-01
5.001491308212280273e-01
4.990745186805725098e-01
4.998566806316375732e-01
4.992282390594482422e-01
5.003756880760192871e-01
4.989390075206756592e-01
5.005276799201965332e-01
4.991030693054199219e-01
5.001921653747558594e-01
4.992523193359375000e-01
5.005871653556823730e-01
4.997695982456207275e-01
4.997453093528747559e-01
5.000402331352233887e-01
4.999821782112121582e-01
4.993078112602233887e-01
5.004017353057861328e-01
5.001974105834960938e-01
4.990824759006500244e-01
5.002748966217041016e-01
4.990514516830444336e-01
5.000896453857421875e-01
4.991890490055084229e-01
4.998023211956024170e-01
4.991046488285064697e-01
5.002652406692504883e-01
4.987882375717163086e-01
4.997876882553100586e-01
4.991265535354614258e-01
5.000215768814086914e-01
4.992008209228515625e-01
5.002818107604980469e-01
4.992289841175079346e-01
5.001108646392822266e-01
4.990889430046081543e-01
5.001655220985412598e-01
4.988752305507659912e-01
5.003172159194946289e-01
4.990313351154327393e-01
5.005670189857482910e-01
4.988513588905334473e-01
5.001718997955322266e-01
4.990759789943695068e-01
5.000573992729187012e-01
4.992399215698242188e-01
5.000849962234497070e-01
4.993695616722106934e-01
5.002169013023376465e-01
4.984798431396484375e-01
4.998524188995361328e-01
4.995034933090209961e-01
5.004522204399108887e-01
4.990279078483581543e-01
5.003868341445922852e-01
4.992213547229766846e-01
4.997237622737884521e-01
4.991119503974914551e-01
5.000817179679870605e-01
4.992803037166595459e-01
5.004425048828125000e-01
5.002460479736328125e-01
4.992778003215789795e-01
5.003865361213684082e-01
4.993052482604980469e-01
5.004373192787170410e-01
5.000750422477722168e-01
4.988017380237579346e-01
5.002521276473999023e-01
4.989219605922698975e-01
5.004000663757324219e-01
4.992169141769409180e-01
5.003134608268737793e-01
4.991616308689117432e-01
5.001360774040222168e-01
4.992066323757171631e-01
5.000324845314025879e-01
4.989178180694580078e-01
5.002959966659545898e-01
4.993285536766052246e-01
5.000882744789123535e-01
4.989707469940185547e-01
5.001830458641052246e-01
4.994375705718994141e-01
5.000421404838562012e-01
4.991066157817840576e-01
5.000091791152954102e-01
5.002957582473754883e-01
4.993488788604736328e-01
4.989967346191406250e-01
5.001151561737060547e-01
5.000512599945068359e-01
4.999929666519165039e-01
4.995051324367523193e-01
5.004684925079345703e-01
5.001412630081176758e-01
4.988726675510406494e-01
5.003716349601745605e-01
4.989786744117736816e-01
5.001891255378723145e-01
4.993509948253631592e-01
5.004380345344543457e-01
4.990064203739166260e-01
5.002717971801757812e-01
4.990206658840179443e-01
5.002768635749816895e-01
4.991363584995269775e-01
5.000053644180297852e-01
4.989314973354339600e-01
4.997263252735137939e-01
4.992658197879791260e-01
5.003741979598999023e-01
4.991694688796997070e-01
5.000912547111511230e-01
4.994536638259887695e-01
4.997105598449707031e-01
4.993202090263366699e-01
5.001363158226013184e-01
4.991827607154846191e-01
5.004195570945739746e-01
4.997679293155670166e-01
4.984495639801025391e-01
5.001725554466247559e-01
5.003158450126647949e-01
5.001802444458007812e-01
4.994934797286987305e-01
5.005194544792175293e-01
5.000613927841186523e-01
4.990687668323516846e-01
5.002649426460266113e-01
4.999421238899230957e-01
4.992813467979431152e-01
4.999231100082397461e-01
4.986683428287506104e-01
4.998414516448974609e-01
4.993832111358642578e-01
4.998561441898345947e-01
4.991084635257720947e-01
4.998078644275665283e-01
4.991837143898010254e-01
4.999715387821197510e-01
4.986969828605651855e-01
4.994638264179229736e-01
4.991205036640167236e-01
4.992733001708984375e-01
4.989585578441619873e-01
4.990223646163940430e-01
4.989995658397674561e-01
4.992231130599975586e-01
4.990461468696594238e-01
4.989041388034820557e-01
4.990878999233245850e-01
4.989788532257080078e-01
4.991701245307922363e-01
4.986885190010070801e-01
4.988685548305511475e-01
4.991287291049957275e-01
4.991335868835449219e-01
4.992508292198181152e-01
4.989546537399291992e-01
4.992117881774902344e-01
4.987739622592926025e-01
4.996940493583679199e-01
4.994617104530334473e-01
4.983766376972198486e-01
4.986325502395629883e-01
4.998565316200256348e-01
4.994314908981323242e-01
4.994520545005798340e-01
4.999518096446990967e-01
4.999339878559112549e-01
4.989710152149200439e-01
4.988278150558471680e-01
5.000269412994384766e-01
4.990384876728057861e-01
4.991247951984405518e-01
4.998011887073516846e-01
5.002444386482238770e-01
4.996338188648223877e-01
4.993751347064971924e-01
4.990880191326141357e-01
4.995946884155273438e-01
4.995056688785552979e-01
4.992135763168334961e-01
4.990325272083282471e-01
4.984657168388366699e-01
4.986056089401245117e-01
4.996423423290252686e-01
4.995592534542083740e-01
4.996778070926666260e-01
4.995760321617126465e-01
4.999484717845916748e-01
4.987083971500396729e-01
4.993392229080200195e-01
4.992581307888031006e-01
4.999240934848785400e-01
4.986224472522735596e-01
4.995045065879821777e-01
4.996802508831024170e-01
4.996724724769592285e-01
5.003666877746582031e-01
4.990446567535400391e-01
4.993890523910522461e-01
4.989050030708312988e-01
4.990408718585968018e-01
4.991283118724822998e-01
4.993458092212677002e-01
4.992855489253997803e-01
4.993119835853576660e-01
4.997678101062774658e-01
5.000416636466979980e-01
4.993842244148254395e-01
4.994566738605499268e-01
4.995295703411102295e-01
4.991550445556640625e-01
4.997648894786834717e-01
4.993835389614105225e-01
5.003697872161865234e-01
4.987230300903320312e-01
4.998352229595184326e-01
4.987933039665222168e-01
4.998711347579956055e-01
4.998095631599426270e-01
4.996170699596405029e-01
4.997731745243072510e-01
4.983360171318054199e-01
4.997947514057159424e-01
4.990259706974029541e-01
4.986503124237060547e-01
4.993975162506103516e-01
4.993793070316314697e-01
4.987788200378417969e-01
5.003240108489990234e-01
5.002802610397338867e-01
4.987751841545104980e-01
5.008498430252075195e-01
4.999127388000488281e-01
4.993248879909515381e-01
4.989211261272430420e-01
4.996661245822906494e-01
5.001485943794250488e-01
4.991045594215393066e-01
4.990723729133605957e-01
4.998933374881744385e-01
4.979884028434753418e-01
4.990094602108001709e-01
4.993908405303955078e-01
4.995185732841491699e-01
4.999136626720428467e-01
5.001286864280700684e-01
4.997809231281280518e-01
5.000909566879272461e-01
4.989546239376068115e-01
4.993574917316436768e-01
4.998812377452850342e-01
4.992622137069702148e-01
4.987869858741760254e-01
4.985267519950866699e-01
4.989149570465087891e-01
4.999511539936065674e-01
4.996853470802307129e-01
5.000717639923095703e-01
5.003103613853454590e-01
4.986096322536468506e-01
4.995710849761962891e-01
4.992477595806121826e-01
4.998270869255065918e-01
4.999385178089141846e-01
5.000088810920715332e-01
4.986524283885955811e-01
4.989653825759887695e-01
4.991104602813720703e-01
4.995197951793670654e-01
4.981485307216644287e-01
4.993349611759185791e-01
4.995292127132415771e-01
4.985376298427581787e-01
4.993273913860321045e-01
5.002564787864685059e-01
4.983901977539062500e-01
4.989814460277557373e-01
4.994826912879943848e-01
5.002537369728088379e-01
4.998692572116851807e-01
5.000112056732177734e-01
4.994551539421081543e-01
4.995135664939880371e-01
5.003274083137512207e-01
4.986335933208465576e-01
5.000772476196289062e-01
4.995176196098327637e-01
4.981458783149719238e-01
5.004013180732727051e-01
5.004116296768188477e-01
4.997868537902832031e-01
4.998311996459960938e-01
4.984206557273864746e-01
4.998537898063659668e-01
4.983823001384735107e-01
4.985677301883697510e-01
4.995216429233551025e-01
4.997057616710662842e-01
4.986412525177001953e-01
4.985813200473785400e-01
4.994480907917022705e-01
4.999146759510040283e-01
4.986784458160400391e-01
4.987740516662597656e-01
4.989376962184906006e-01
4.994295537471771240e-01
4.998977184295654297e-01
4.996692836284637451e-01
4.994436800479888916e-01
4.999496638774871826e-01
4.993651509284973145e-01
5.000795722007751465e-01
4.996536672115325928e-01
4.989427030086517334e-01
4.982737898826599121e-01
5.001295208930969238e-01
4.986754655838012695e-01
5.001752376556396484e-01
4.993959665298461914e-01
5.001003146171569824e-01
4.988650977611541748e-01
5.002702474594116211e-01
5.000592470169067383e-01
4.989957213401794434e-01
5.001726150512695312e-01
4.994610548019409180e-01
4.998462796211242676e-01
4.992594420909881592e-01
5.003613233566284180e-01
4.992064833641052246e-01
4.998172521591186523e-01
4.992744624614715576e-01
4.999761283397674561e-01
5.003156661987304688e-01
5.002031922340393066e-01
5.004620552062988281e-01
4.994619786739349365e-01
5.004513263702392578e-01
5.003805756568908691e-01
4.993193149566650391e-01
5.003251433372497559e-01
4.995694160461425781e-01
5.002610683441162109e-01
4.987741410732269287e-01
4.999515414237976074e-01
4.990898668766021729e-01
5.002369880676269531e-01
5.001718997955322266e-01
4.990001916885375977e-01
5.002406835556030273e-01
4.991961419582366943e-01
5.004293322563171387e-01
5.002415180206298828e-01
5.001084208488464355e-01
4.991634786128997803e-01
5.003601908683776855e-01
4.985046386718750000e-01
5.001383423805236816e-01
4.992033541202545166e-01
4.998915791511535645e-01
5.002837181091308594e-01
4.995665848255157471e-01
5.004420280456542969e-01
4.990560412406921387e-01
4.999654293060302734e-01
4.992300570011138916e-01
4.998790919780731201e-01
4.990511238574981689e-01
4.995735883712768555e-01
4.993726313114166260e-01
5.005357265472412109e-01
4.997026920318603516e-01
4.988631606101989746e-01
4.995860755443572998e-01
4.997466206550598145e-01
5.000960230827331543e-01
4.990971386432647705e-01
5.001329183578491211e-01
4.989675879478454590e-01
5.001393556594848633e-01
4.993652105331420898e-01
5.003801584243774414e-01
4.991909861564636230e-01
5.001564621925354004e-01
5.000171065330505371e-01
5.003173351287841797e-01
5.004090070724487305e-01
5.005433559417724609e-01
5.002318620681762695e-01
4.993815720081329346e-01
4.999173581600189209e-01
4.989355802536010742e-01
4.996243119239807129e-01
4.998494982719421387e-01
4.998110830783843994e-01
4.991555213928222656e-01
4.999850094318389893e-01
4.993028342723846436e-01
4.998020231723785400e-01
5.004296898841857910e-01
5.001673698425292969e-01
5.002290010452270508e-01
4.989008605480194092e-01
5.002513527870178223e-01
4.985997080802917480e-01
5.001485943794250488e-01
4.990089535713195801e-01
5.003250837326049805e-01
4.992544353008270264e-01
5.003436207771301270e-01
4.993300139904022217e-01
5.000978708267211914e-01
4.995761513710021973e-01
4.996503591537475586e-01
4.993751049041748047e-01
5.003391504287719727e-01
4.984275996685028076e-01
5.000946521759033203e-01
4.991842210292816162e-01
5.004951953887939453e-01
4.994161725044250488e-01
4.997638165950775146e-01
4.984854459762573242e-01
5.001831054687500000e-01
4.995057582855224609e-01
5.004448890686035156e-01
5.004644393920898438e-01
5.001291036605834961e-01
4.993117451667785645e-01
5.001933574676513672e-01
4.989310204982757568e-01
5.001912117004394531e-01
4.994400441646575928e-01
5.001371502876281738e-01
4.985725283622741699e-01
5.000919103622436523e-01
4.985768795013427734e-01
4.996520280838012695e-01
5.002399682998657227e-01
4.993533790111541748e-01
4.996562898159027100e-01
5.002145171165466309e-01
4.980919063091278076e-01
5.001247525215148926e-01
5.000535249710083008e-01
4.993872344493865967e-01
4.999973177909851074e-01
4.994134008884429932e-01
5.004685521125793457e-01
4.989996850490570068e-01
5.002102851867675781e-01
5.000979304313659668e-01
4.994285404682159424e-01
5.000632405281066895e-01
4.985778927803039551e-01
5.003854036331176758e-01
5.004085302352905273e-01
4.988231956958770752e-01
5.003211498260498047e-01
4.992167949676513672e-01
5.003845691680908203e-01
4.992366135120391846e-01
5.000159740447998047e-01
4.992294311523437500e-01
5.003948211669921875e-01
5.005431175231933594e-01
4.999810755252838135e-01
4.985479116439819336e-01
5.000622272491455078e-01
4.987372756004333496e-01
4.999564588069915771e-01
4.994367957115173340e-01
5.001642107963562012e-01
5.002362132072448730e-01
4.987895488739013672e-01
5.005455017089843750e-01
4.989176094532012939e-01
5.000647902488708496e-01
4.993931353092193604e-01
5.003076195716857910e-01
5.004845261573791504e-01
5.002144575119018555e-01
5.001423358917236328e-01
4.986870288848876953e-01
5.004280805587768555e-01
4.993351399898529053e-01
5.001074075698852539e-01
4.990576803684234619e-01
5.003886222839355469e-01
4.992664754390716553e-01
5.000109672546386719e-01
4.993686676025390625e-01
4.998460710048675537e-01
5.002529025077819824e-01
5.002065896987915039e-01
5.003604888916015625e-01
4.992395639419555664e-01
5.001932978630065918e-01
4.996216595172882080e-01
4.999572038650512695e-01
4.993810951709747314e-01
5.000932216644287109e-01
5.001565217971801758e-01
5.001946687698364258e-01
5.000872015953063965e-01
4.993408322334289551e-01
4.994544088840484619e-01
4.994092881679534912e-01
5.000569820404052734e-01
5.001714825630187988e-01
4.994751513004302979e-01
5.004603862762451172e-01
4.998129010200500488e-01
5.002188086509704590e-01
5.000624656677246094e-01
4.991803765296936035e-01
5.000600814819335938e-01
5.001375675201416016e-01
4.992482960224151611e-01
5.000214576721191406e-01
4.990530908107757568e-01
5.001020431518554688e-01
4.999586343765258789e-01
5.001693367958068848e-01
4.991776645183563232e-01
4.998324513435363770e-01
5.001974701881408691e-01
4.993845522403717041e-01
5.003468990325927734e-01
4.989148080348968506e-01
5.001475811004638672e-01
4.991153776645660400e-01
5.000959038734436035e-01
5.000440478324890137e-01
5.005189776420593262e-01
4.997774958610534668e-01
4.999292790889739990e-01
4.994836449623107910e-01
5.002975463867187500e-01
5.003470182418823242e-01
4.988626837730407715e-01
5.003747940063476562e-01
4.998843371868133545e-01
5.000619888305664062e-01
4.999137520790100098e-01
4.992752075195312500e-01
5.001957416534423828e-01
4.994291365146636963e-01
4.998260140419006348e-01
4.984714984893798828e-01
4.995908141136169434e-01
4.990065991878509521e-01
4.997964501380920410e-01
5.003699660301208496e-01
4.993921518325805664e-01
5.001565814018249512e-01
4.991237521171569824e-01
5.002408027648925781e-01
4.994063973426818848e-01
4.999739229679107666e-01
4.993370771408081055e-01
4.998853802680969238e-01
4.993370771408081055e-01
4.999672770500183105e-01
4.989137351512908936e-01
4.997712969779968262e-01
4.992406368255615234e-01
5.001455545425415039e-01
4.994388222694396973e-01
5.002533793449401855e-01
4.991182684898376465e-01
5.003097057342529297e-01
4.989088475704193115e-01
4.997623860836029053e-01
4.991827011108398438e-01
4.999253451824188232e-01
4.990456402301788330e-01
5.001113414764404297e-01
4.990806877613067627e-01
4.997772574424743652e-01
4.985522925853729248e-01
5.000630617141723633e-01
4.993162155151367188e-01
4.999989867210388184e-01
4.990985989570617676e-01
5.002747774124145508e-01
4.988964796066284180e-01
5.002099275588989258e-01
4.989190697669982910e-01
5.000919103622436523e-01
5.000382065773010254e-01
4.994144439697265625e-01
4.999064207077026367e-01
4.989462494850158691e-01
4.998385012149810791e-01
4.993837177753448486e-01
5.000149607658386230e-01
4.991400837898254395e-01
4.994159340858459473e-01
4.997927844524383545e-01
4.994451701641082764e-01
5.000787377357482910e-01
5.000162720680236816e-01
4.997785389423370361e-01
4.994008839130401611e-01
5.003520250320434570e-01
4.991317391395568848e-01
5.001322031021118164e-01
5.001909136772155762e-01
5.002526640892028809e-01
4.991972446441650391e-01
5.001367926597595215e-01
4.989070892333984375e-01
5.000663399696350098e-01
5.000107288360595703e-01
4.992168545722961426e-01
4.999643564224243164e-01
4.989674091339111328e-01
5.001253485679626465e-01
4.992120563983917236e-01
5.001387596130371094e-01
4.989418089389801025e-01
4.998527169227600098e-01
4.992706775665283203e-01
4.997818768024444580e-01
4.991828501224517822e-01
5.001407861709594727e-01
4.990485906600952148e-01
5.002480149269104004e-01
4.991389513015747070e-01
5.001651644706726074e-01
5.004616975784301758e-01
4.992324709892272949e-01
5.003108978271484375e-01
4.992502629756927490e-01
5.005994439125061035e-01
4.992803931236267090e-01
5.001130700111389160e-01
4.990580081939697266e-01
4.995941221714019775e-01
4.992337524890899658e-01
5.002478957176208496e-01
5.002334117889404297e-01
5.005252361297607422e-01
4.996344447135925293e-01
5.002694725990295410e-01
5.004454851150512695e-01
5.001524090766906738e-01
5.003282427787780762e-01
4.992470145225524902e-01
5.002195239067077637e-01
4.990819990634918213e-01
4.996376633644104004e-01
4.991782903671264648e-01
5.003116726875305176e-01
4.990300536155700684e-01
5.000404715538024902e-01
4.990337491035461426e-01
4.997333288192749023e-01
5.002476572990417480e-01
4.997049570083618164e-01
4.993368387222290039e-01
5.000332593917846680e-01
4.993711113929748535e-01
5.005165338516235352e-01
4.997616708278656006e-01
5.002299547195434570e-01
5.004999637603759766e-01
4.991562664508819580e-01
5.000766515731811523e-01
5.003767609596252441e-01
5.003908872604370117e-01
5.003523230552673340e-01
5.001311302185058594e-01
4.991322755813598633e-01
5.001741647720336914e-01
4.993317127227783203e-01
5.002250671386718750e-01
4.992816746234893799e-01
4.995311796665191650e-01
4.993429183959960938e-01
5.002497434616088867e-01
4.993904829025268555e-01
4.997896850109100342e-01
4.990417361259460449e-01
5.002644062042236328e-01
5.001302361488342285e-01
4.992443919181823730e-01
5.002169013023376465e-01
4.991834163665771484e-01
4.998964071273803711e-01
4.985905289649963379e-01
5.002040863037109375e-01
4.998928308486938477e-01
4.991393983364105225e-01
5.003462433815002441e-01
5.003618001937866211e-01
4.985816180706024170e-01
4.996714591979980469e-01
4.986090064048767090e-01
4.996941089630126953e-01
4.993963837623596191e-01
4.999723732471466064e-01
5.003147721290588379e-01
4.997704923152923584e-01
4.986868202686309814e-01
5.002610087394714355e-01
4.986898601055145264e-01
5.002345442771911621e-01
4.993973970413208008e-01
5.003668069839477539e-01
5.002220273017883301e-01
4.992230832576751709e-01
5.001167058944702148e-01
5.003205537796020508e-01
5.000029802322387695e-01
4.990658164024353027e-01
5.001238584518432617e-01
5.001584291458129883e-01
4.986556470394134521e-01
5.001913309097290039e-01
4.988903999328613281e-01
5.004830956459045410e-01
4.997465014457702637e-01
4.993232488632202148e-01
4.999703466892242432e-01
4.993120133876800537e-01
5.003737211227416992e-01
4.990125000476837158e-01
4.994631111621856689e-01
4.992137253284454346e-01
5.003848075866699219e-01
4.992258548736572266e-01
5.001136660575866699e-01
4.990591406822204590e-01
5.002445578575134277e-01
5.002254247665405273e-01
4.996398389339447021e-01
5.000422000885009766e-01
4.999964237213134766e-01
4.993321597576141357e-01
5.004503130912780762e-01
4.991571009159088135e-01
5.004585981369018555e-01
4.995359480381011963e-01
5.007578134536743164e-01
4.995874464511871338e-01
5.005216002464294434e-01
4.994478523731231689e-01
4.999192655086517334e-01
5.002073049545288086e-01
4.990715980529785156e-01
5.000849962234497070e-01
5.002470612525939941e-01
4.994548857212066650e-01
4.999468326568603516e-01
4.994259178638458252e-01
5.000213384628295898e-01
4.992202222347259521e-01
5.003702044486999512e-01
5.001788735389709473e-01
5.003663301467895508e-01
4.991935193538665771e-01
5.003973245620727539e-01
5.001357197761535645e-01
5.002571940422058105e-01
4.995793998241424561e-01
5.000510811805725098e-01
4.994130134582519531e-01
4.998573362827301025e-01
4.999879300594329834e-01
4.994129836559295654e-01
5.000754594802856445e-01
4.998114109039306641e-01
4.998078048229217529e-01
4.990077316761016846e-01
5.005158185958862305e-01
5.002146363258361816e-01
4.984216392040252686e-01
4.993437826633453369e-01
5.004084110260009766e-01
5.001866221427917480e-01
4.986872673034667969e-01
5.001531243324279785e-01
5.005630254745483398e-01
5.000671148300170898e-01
4.993538856506347656e-01
5.000134110450744629e-01
4.993397593498229980e-01
5.001214146614074707e-01
5.000084638595581055e-01
4.991643726825714111e-01
5.002332925796508789e-01
4.992814660072326660e-01
4.992387890815734863e-01
4.991263449192047119e-01
4.991742372512817383e-01
4.990506768226623535e-01
4.988124072551727295e-01
4.990882873535156250e-01
4.991566538810729980e-01
4.990996718406677246e-01
4.992580413818359375e-01
4.990880787372589111e-01
4.991020560264587402e-01
4.987601041793823242e-01
4.988678991794586182e-01
4.993684291839599609e-01
4.990427196025848389e-01
4.991034269332885742e-01
4.987604618072509766e-01
4.992409646511077881e-01
4.992208182811737061e-01
4.992030262947082520e-01
4.987394809722900391e-01
4.992386400699615479e-01
4.992914497852325439e-01
4.992961287498474121e-01
4.990861713886260986e-01
4.986157417297363281e-01
4.989982545375823975e-01
4.990609884262084961e-01
4.992327392101287842e-01
4.988097548484802246e-01
4.993211925029754639e-01
4.996321499347686768e-01
4.990790486335754395e-01
4.981211423873901367e-01
4.995545148849487305e-01
4.996035099029541016e-01
4.987226724624633789e-01
4.994946122169494629e-01
4.989437758922576904e-01
5.000967979431152344e-01
4.992049932479858398e-01
4.993558824062347412e-01
4.978714287281036377e-01
4.999567568302154541e-01
4.988870620727539062e-01
4.993779957294464111e-01
4.994729161262512207e-01
5.000292062759399414e-01
4.997859597206115723e-01
4.993896782398223877e-01
4.992796480655670166e-01
4.994637370109558105e-01
4.998092353343963623e-01
5.001561045646667480e-01
4.998105764389038086e-01
4.996209740638732910e-01
4.998777210712432861e-01
4.989364743232727051e-01
5.001315474510192871e-01
4.999832510948181152e-01
4.999014437198638916e-01
4.997074007987976074e-01
5.000481009483337402e-01
4.989988803863525391e-01
4.999296069145202637e-01
4.998639822006225586e-01
4.987150430679321289e-01
4.992222189903259277e-01
4.986952245235443115e-01
4.993083477020263672e-01
5.001068115234375000e-01
4.999143183231353760e-01
4.979342222213745117e-01
4.991981685161590576e-01
4.994467198848724365e-01
4.991513490676879883e-01
4.995501041412353516e-01
5.000513792037963867e-01
4.999281764030456543e-01
4.986334741115570068e-01
4.991456270217895508e-01
4.993898868560791016e-01
5.002253055572509766e-01
4.990112781524658203e-01
4.988664984703063965e-01
4.995391368865966797e-01
4.985449314117431641e-01
4.996246397495269775e-01
4.996449947357177734e-01
4.995399117469787598e-01
4.998270869255065918e-01
4.987341761589050293e-01
4.986245930194854736e-01
5.002619028091430664e-01
4.997357726097106934e-01
4.992905855178833008e-01
5.006533265113830566e-01
4.991368651390075684e-01
5.005484223365783691e-01
4.997530579566955566e-01
5.003399848937988281e-01
4.992609620094299316e-01
4.998850524425506592e-01
4.987666606903076172e-01
5.000827312469482422e-01
4.992660880088806152e-01
4.999032020568847656e-01
4.992554783821105957e-01
5.002759099006652832e-01
5.003382563591003418e-01
4.994998872280120850e-01
5.000842809677124023e-01
5.004761815071105957e-01
4.991990029811859131e-01
5.003980398178100586e-01
4.986174106597900391e-01
4.999960362911224365e-01
4.993935525417327881e-01
5.002043843269348145e-01
5.001593828201293945e-01
5.003055930137634277e-01
4.996249675750732422e-01
4.988157153129577637e-01
5.000441074371337891e-01
4.992161691188812256e-01
5.000886321067810059e-01
4.987026751041412354e-01
4.995766282081604004e-01
4.993172287940979004e-01
4.999158680438995361e-01
4.998502135276794434e-01
5.002948045730590820e-01
4.990378320217132568e-01
5.004959702491760254e-01
4.998021125793457031e-01
4.993343651294708252e-01
4.997149109840393066e-01
4.996551275253295898e-01
4.997949600219726562e-01
4.999200403690338135e-01
4.992372393608093262e-01
5.000368952751159668e-01
4.992217719554901123e-01
5.003735423088073730e-01
4.989545345306396484e-01
5.000701546669006348e-01
4.992592930793762207e-01
5.000596642494201660e-01
4.992396533489227295e-01
5.001889467239379883e-01
4.992919266223907471e-01
5.000896453857421875e-01
5.005279183387756348e-01
5.001183748245239258e-01
5.002881884574890137e-01
5.000970363616943359e-01
4.988648891448974609e-01
5.001664161682128906e-01
4.999800622463226318e-01
4.989300966262817383e-01
5.000667572021484375e-01
4.990806877613067627e-01
5.001770853996276855e-01
5.002375245094299316e-01
5.001742243766784668e-01
4.993073344230651855e-01
5.001690387725830078e-01
4.988780915737152100e-01
5.005778670310974121e-01
4.993471205234527588e-01
5.001186132431030273e-01
5.002760887145996094e-01
5.002705454826354980e-01
5.002766251564025879e-01
4.993662238121032715e-01
5.000613331794738770e-01
4.994576871395111084e-01
4.999959766864776611e-01
4.992982447147369385e-01
4.996743798255920410e-01
5.001127719879150391e-01
4.992839097976684570e-01
4.999338388442993164e-01
5.001128315925598145e-01
4.991988241672515869e-01
5.000046491622924805e-01
4.986059367656707764e-01
5.002682805061340332e-01
4.991674125194549561e-01
5.004756450653076172e-01
4.993386566638946533e-01
4.998508393764495850e-01
4.998649358749389648e-01
5.001553893089294434e-01
4.990899860858917236e-01
5.000033974647521973e-01
4.991132616996765137e-01
5.003294348716735840e-01
4.991999566555023193e-01
5.005003809928894043e-01
5.001441240310668945e-01
4.994469285011291504e-01
5.002923011779785156e-01
4.993704855442047119e-01
5.000841021537780762e-01
4.994852542877197266e-01
5.001264810562133789e-01
4.992466866970062256e-01
5.002353191375732422e-01
4.993043541908264160e-01
5.001596808433532715e-01
4.992524087429046631e-01
5.001991391181945801e-01
4.992634356021881104e-01
5.001715421676635742e-01
4.992183744907379150e-01
5.002118945121765137e-01
4.991213679313659668e-01
5.003436803817749023e-01
4.991680979728698730e-01
5.001175403594970703e-01
4.992648661136627197e-01
5.002479553222656250e-01
4.990741312503814697e-01
5.002278685569763184e-01
4.988237917423248291e-01
4.997693002223968506e-01
4.994883835315704346e-01
5.000991821289062500e-01
4.986699521541595459e-01
5.003405213356018066e-01
4.994014203548431396e-01
5.002270340919494629e-01
4.994811415672302246e-01
5.003865361213684082e-01
4.986664652824401855e-01
4.999217987060546875e-01
4.993667900562286377e-01
5.003198385238647461e-01
4.991892576217651367e-01
5.000215768814086914e-01
4.994363784790039062e-01
4.995204210281372070e-01
4.993334412574768066e-01
4.998482465744018555e-01
4.995052218437194824e-01
4.997873902320861816e-01
4.990642666816711426e-01
5.000222325325012207e-01
4.986923635005950928e-01
5.000998973846435547e-01
5.001629590988159180e-01
4.990611672401428223e-01
5.000085830688476562e-01
4.985718429088592529e-01
5.000401139259338379e-01
4.993847608566284180e-01
4.999398887157440186e-01
5.002880096435546875e-01
4.988289177417755127e-01
5.005055069923400879e-01
5.006704330444335938e-01
4.992254674434661865e-01
5.001098513603210449e-01
4.992398023605346680e-01
5.003051757812500000e-01
4.993768036365509033e-01
5.003752708435058594e-01
4.992016553878784180e-01
5.001631975173950195e-01
4.991782605648040771e-01
4.996905922889709473e-01
5.001621246337890625e-01
5.005093216896057129e-01
4.987055063247680664e-01
4.998492002487182617e-01
4.993550777435302734e-01
5.002105236053466797e-01
4.992618858814239502e-01
5.000711679458618164e-01
4.990175366401672363e-01
5.005406737327575684e-01
5.002690553665161133e-01
4.992353022098541260e-01
5.001674890518188477e-01
5.001507401466369629e-01
4.994062483310699463e-01
5.003103613853454590e-01
4.992617368698120117e-01
5.002719759941101074e-01
4.990005493164062500e-01
5.003754496574401855e-01
4.992256760597229004e-01
4.999750256538391113e-01
4.993133544921875000e-01
5.003342032432556152e-01
4.993894100189208984e-01
5.001792311668395996e-01
4.993091821670532227e-01
5.000413060188293457e-01
5.003563165664672852e-01
5.003952383995056152e-01
5.003611445426940918e-01
4.993759691715240479e-01
5.001104474067687988e-01
4.987813234329223633e-01
4.999164938926696777e-01
5.003709793090820312e-01
4.992942214012145996e-01
5.004701018333435059e-01
5.000188350677490234e-01
5.001479387283325195e-01
4.994051158428192139e-01
5.002903342247009277e-01
4.990247189998626709e-01
5.002051591873168945e-01
4.988220930099487305e-01
5.006843209266662598e-01
5.003779530525207520e-01
4.994634687900543213e-01
5.006620883941650391e-01
5.001600980758666992e-01
4.992313683032989502e-01
4.998240470886230469e-01
5.005367994308471680e-01
4.990487992763519287e-01
5.004152059555053711e-01
4.999617338180541992e-01
4.991738498210906982e-01
4.999577403068542480e-01
4.997279942035675049e-01
4.992898106575012207e-01
4.997639656066894531e-01
4.992572367191314697e-01
5.002503991127014160e-01
4.991712272167205811e-01
4.993773996829986572e-01
4.994903802871704102e-01
4.997540116310119629e-01
4.993474185466766357e-01
5.002952814102172852e-01
4.993985295295715332e-01
5.000015497207641602e-01
4.993022382259368896e-01
4.999458193778991699e-01
4.999910295009613037e-01
5.001001954078674316e-01
4.990668594837188721e-01
5.000697374343872070e-01
4.993253350257873535e-01
5.001269578933715820e-01
5.000414252281188965e-01
4.988712072372436523e-01
5.000649094581604004e-01
4.996002018451690674e-01
5.003099441528320312e-01
4.991154968738555908e-01
5.001888275146484375e-01
4.994053244590759277e-01
4.998825192451477051e-01
4.993871152400970459e-01
4.995083212852478027e-01
4.994685649871826172e-01
5.004901289939880371e-01
4.989452064037322998e-01
5.003433227539062500e-01
4.992406368255615234e-01
5.002684593200683594e-01
4.993241131305694580e-01
4.998747110366821289e-01
4.993671178817749023e-01
5.001640915870666504e-01
5.002003908157348633e-01
4.998288750648498535e-01
5.002307891845703125e-01
4.991520941257476807e-01
5.001969933509826660e-01
5.004276633262634277e-01
5.002542734146118164e-01
4.994065463542938232e-01
5.001205801963806152e-01
4.997633695602416992e-01
5.004544854164123535e-01
4.992695152759552002e-01
5.002800226211547852e-01
4.989613890647888184e-01
4.998549222946166992e-01
4.995266795158386230e-01
5.002599954605102539e-01
4.993587732315063477e-01
5.002486109733581543e-01
5.000486373901367188e-01
4.991417229175567627e-01
5.002844929695129395e-01
5.003274083137512207e-01
4.994105100631713867e-01
5.001876354217529297e-01
4.994463324546813965e-01
4.988560378551483154e-01
4.998293817043304443e-01
5.001364350318908691e-01
4.993004202842712402e-01
5.003526806831359863e-01
5.006316900253295898e-01
4.996716678142547607e-01
4.991460442543029785e-01
5.003426671028137207e-01
5.004122853279113770e-01
4.993434250354766846e-01
5.004789233207702637e-01
4.990348517894744873e-01
5.000946521759033203e-01
4.992637634277343750e-01
5.002285242080688477e-01
4.993276000022888184e-01
4.997286498546600342e-01
4.990006685256958008e-01
5.004731416702270508e-01
5.003730654716491699e-01
4.998354315757751465e-01
5.001887083053588867e-01
4.993393123149871826e-01
4.997480213642120361e-01
4.992682635784149170e-01
5.004230737686157227e-01
4.992251098155975342e-01
5.001538991928100586e-01
4.993248879909515381e-01
4.996604919433593750e-01
4.993107020854949951e-01
4.998200237751007080e-01
4.993209540843963623e-01
5.003602504730224609e-01
5.000236630439758301e-01
4.989440739154815674e-01
4.994389712810516357e-01
4.996913373470306396e-01
4.987081289291381836e-01
5.001425743103027344e-01
4.995248317718505859e-01
4.995825290679931641e-01
4.987123906612396240e-01
5.000959634780883789e-01
5.004039406776428223e-01
4.995026290416717529e-01
5.004227757453918457e-01
4.992820918560028076e-01
5.001420974731445312e-01
4.994153678417205811e-01
4.999337494373321533e-01
4.995465278625488281e-01
5.002763271331787109e-01
4.989314079284667969e-01
5.001921653747558594e-01
4.992526769638061523e-01
5.001767277717590332e-01
5.000843405723571777e-01
4.987813234329223633e-01
5.001145005226135254e-01
4.987715482711791992e-01
5.004933476448059082e-01
4.992459118366241455e-01
5.004328489303588867e-01
4.990661740303039551e-01
5.004107356071472168e-01
4.992705583572387695e-01
4.999640882015228271e-01
4.992648661136627197e-01
5.001217126846313477e-01
4.992318153381347656e-01
5.001870393753051758e-01
4.989125728607177734e-01
4.995102882385253906e-01
5.002554059028625488e-01
5.000666975975036621e-01
4.995236992835998535e-01
4.999644458293914795e-01
4.988769888877868652e-01
5.003553628921508789e-01
4.992103874683380127e-01
5.000685453414916992e-01
4.988021254539489746e-01
4.996318221092224121e-01
4.999556839466094971e-01
5.003520250320434570e-01
5.001867413520812988e-01
5.004096627235412598e-01
4.991605877876281738e-01
5.003070235252380371e-01
5.002019405364990234e-01
5.000286698341369629e-01
4.999581873416900635e-01
4.991734623908996582e-01
4.995236992835998535e-01
4.998472332954406738e-01
5.002601742744445801e-01
4.989264607429504395e-01
5.002440214157104492e-01
5.000044703483581543e-01
4.991574883460998535e-01
5.003865361213684082e-01
5.002773404121398926e-01
4.984259307384490967e-01
4.994170963764190674e-01
4.994214475154876709e-01
5.002507567405700684e-01
4.993164837360382080e-01
4.999472796916961670e-01
4.993717372417449951e-01
5.000244379043579102e-01
4.984906315803527832e-01
5.000426769256591797e-01
4.990590214729309082e-01
5.002575516700744629e-01
5.001920461654663086e-01
4.993496537208557129e-01
5.001311302185058594e-01
5.000408887863159180e-01
4.989218115806579590e-01
4.996638596057891846e-01
4.995740354061126709e-01
4.997444450855255127e-01
5.001199245452880859e-01
4.994480013847351074e-01
5.004541277885437012e-01
4.992123544216156006e-01
5.001747608184814453e-01
5.002822875976562500e-01
4.994024336338043213e-01
5.001715421676635742e-01
5.001817941665649414e-01
4.993466436862945557e-01
4.998040795326232910e-01
5.001363158226013184e-01
4.998902380466461182e-01
5.002148151397705078e-01
4.991032779216766357e-01
5.002082586288452148e-01
4.991180002689361572e-01
5.002008676528930664e-01
4.988905191421508789e-01
5.003631114959716797e-01
4.989804327487945557e-01
5.002725124359130859e-01
4.993426203727722168e-01
5.002118349075317383e-01
5.002312660217285156e-01
4.992718994617462158e-01
5.000810027122497559e-01
4.990917444229125977e-01
5.001152157783508301e-01
4.990037381649017334e-01
5.002828836441040039e-01
5.002230405807495117e-01
4.992589056491851807e-01
4.999786913394927979e-01
4.999065399169921875e-01
5.001773834228515625e-01
4.993105828762054443e-01
5.004684925079345703e-01
5.002650618553161621e-01
5.002401471138000488e-01
4.995943903923034668e-01
4.995028376579284668e-01
5.006316304206848145e-01
4.996057450771331787e-01
5.001645684242248535e-01
5.004343986511230469e-01
4.991590976715087891e-01
5.000671744346618652e-01
4.987846016883850098e-01
5.000321865081787109e-01
5.002619624137878418e-01
4.991026222705841064e-01
5.004700422286987305e-01
5.002294778823852539e-01
4.993417859077453613e-01
5.000945329666137695e-01
4.991376399993896484e-01
5.003861784934997559e-01
4.998844265937805176e-01
4.993201196193695068e-01
4.996274113655090332e-01
5.004241466522216797e-01
4.989019334316253662e-01
4.996352791786193848e-01
5.000965595245361328e-01
4.992456138134002686e-01
4.992192983627319336e-01
4.992687702178955078e-01
4.993239045143127441e-01
4.990608394145965576e-01
4.987984597682952881e-01
4.992219209671020508e-01
4.991261363029479980e-01
4.993126690387725830e-01
4.989942908287048340e-01
4.990155994892120361e-01
4.991160929203033447e-01
4.993010163307189941e-01
4.991391897201538086e-01
